767.4115 51.74843125 769.9862825 646.451875 769.853215 323.99621875 769.9966675 678.335025 405.30299
764.922045 45.14540625 769.982485 616.547975 769.7520775 258.49568625 769.9969775 676.78355625 401.37344
740.4722675 38.593325 769.9714025 494.592375 769.0951875 176.65781 769.9974425 661.62750625 397.37546
671.8649275 33.5693125 769.9745025 340.5321375 769.04241 102.661875 769.9982175 629.31925625 394.25981
665.935635 30.8074625 769.9785325 194.2957875 769.0920875 50.565025 769.998915 628.02283125 392.51759
664.9818425 30.04363125 769.98574 71.9895125 769.22407 31.365325 769.9996125 628.9098375 392.02844
687.463895 30.0 769.9999225 43.20986875 769.91041 30.0043875 770.0 643.78395 392.0
754.6795675 30.0 770.0 48.94693125 769.996745 30.00381875 770.0 675.98844375 392.0
759.8833825 30.0 770.0 53.4931125 769.998295 30.00381875 770.0 677.4859625 392.0
762.438945 30.0 770.0 61.34600625 769.9986825 30.00528125 770.0 678.12011875 392.0
763.8098425 30.0 770.0 76.934225 769.998605 30.010725 770.0 678.4153 392.0
764.8305175 30.0 770.0 105.42510625 769.99814 30.02819375 770.0 678.5984375 392.0
765.5050775 30.0 770.0 144.11408125 769.997055 30.07028125 770.0 678.6676625 392.00003
765.542045 30.0001625 770.0 188.96083125 769.993645 30.17395625 770.0 678.50605625 392.00018
764.1981175 30.0008125 769.999845 225.972075 769.98047 30.39455 770.0 677.751325 392.00075
757.19421 30.0040625 769.9975975 235.826075 769.86639 30.81835 769.9999225 673.9095 392.00339
708.5982225 30.021125 769.8565475 206.41771875 767.063215 31.304225 769.9917075 639.4346375 392.0141
651.3720675 30.3930875 765.6021075 181.72161875 753.2730975 34.456075 768.4885175 590.82446875 392.20172
620.87853 32.5335375 757.5107975 198.488831875 740.7566925 48.83610625 762.885965 563.273975 393.25109
580.9253425 33.288675 752.012715 200.995313125 727.0021475 54.64873125 760.597545 526.5913875 393.63038
605.70496 40.12431875 736.6784875 287.715063125 714.594165 89.49913125 745.893315 538.3895375 396.89123
625.9055675 41.6285 732.55293 324.977450625 713.325645 99.64579375 742.94041 553.69858125 397.6361
636.2434475 58.7048125 708.709125 372.30291875 703.622335 150.95614375 711.6058425 559.695725 405.34859
653.9680075 69.5529875 687.2051225 431.24475625 693.30569 191.5384875 688.964295 571.07178125 410.35997
650.7919025 117.63324375 626.3040725 457.959025 663.9062975 258.41203125 611.06641 563.40226875 429.96686
649.15177 241.6161125 499.60653 527.36870625 585.874415 383.79621875 470.1110375 548.53774375 476.51441
553.7428375 379.549525 377.12491 514.22846875 457.4084 467.02368125 352.249425 437.0379625 525.54395
433.267925 525.443325 249.1650475 444.4856625 326.90119 548.2659625 222.1910175 306.90170625 577.6331
313.18245 628.50870625 170.6020575 364.3756 217.0208375 582.332625 159.821575 179.7899 612.58241
201.1896025 659.6927 150.703545 253.577575 155.320375 564.41724375 150.24087 67.96869375 622.27844
166.692725 659.33105625 150.140275 168.84901875 151.1901675 532.2574375 150.0461125 41.24930625 621.49292
163.8849 657.95858125 150.1160175 148.5439125 150.9841725 509.2828625 150.038285 39.34058125 620.53517
158.029155 655.5344875 150.0630075 109.70568125 150.5436625 468.09130625 150.0205375 35.33365625 618.8141
155.786925 653.62259375 150.0442525 90.7478625 150.3849425 433.21575125 150.0143375 33.8263875 617.37617
153.8619025 651.80730625 150.0282875 73.66236875 150.250015 396.018518125 150.00899 32.53670625 615.91817
152.8440175 650.97026875 150.019995 63.8689 150.1798 368.550363125 150.0062 31.85835 615.04787
152.32221 651.68331875 150.015345 58.80856875 150.1429875 354.509631875 150.004495 31.50995 615.13076
152.2480425 654.65739375 150.013485 58.73455 150.1333775 361.977936875 150.0036425 31.4538875 616.6532
152.93849 660.1166625 150.01426 68.15426875 150.1617425 402.06498875 150.0031775 31.88378125 619.79453
157.4676675 666.91233125 150.02015 116.78775625 150.334335 475.79738125 150.002945 34.69519375 623.87432
212.089435 673.11739375 150.028365 262.51450625 151.40244 556.93834375 150.002325 69.82558125 627.67967
227.83449 677.51204375 150.0250325 414.5798125 151.37113 625.97126875 150.00155 74.37411875 630.41894
233.5154725 679.57888125 150.0203825 557.9610375 151.308665 668.59583125 150.0008525 75.4094875 631.72916
231.744985 679.9923625 150.0112375 661.09418125 151.10608 679.7258625 150.000155 73.08525 631.99496
178.8864975 680.0 150.0 665.5532625 150.007905 679.99650625 150.0 38.1800875 632.0
164.37594 680.0 150.0 660.5515125 150.0025575 679.99650625 150.0 33.6723375 632.0
159.053395 680.0 150.0 654.48530625 150.0014725 679.995775 150.0 32.241525 632.0
157.0953575 680.0 150.0 645.14383125 150.0013175 679.9936625 150.0 31.77474375 632.0
155.851715 680.0 150.0 625.80876875 150.00155 679.98578125 150.0 31.51929375 632.0
154.924505 680.0 150.0 593.9557625 150.00217 679.96270625 150.0 31.366625 631.99997
154.393785 679.99991875 150.0 552.49591875 150.00372 679.9072125 150.0 31.3472875 631.99991
154.6525575 679.999675 150.0 508.39439375 150.008525 679.77705 150.0 31.6237 631.9997
156.8651825 679.9987 150.00031 477.39670625 150.0316975 679.499175 150.0 32.8078375 631.9988
169.2220925 679.993175 150.0072075 479.19281875 150.3006225 679.02459375 150.0002325 39.91859375 631.99469
241.72193975 679.964575 150.5520325 516.945225 157.641655 678.53043125 150.044795 97.44725 631.97816
274.22450975 678.284325 157.382495 505.596225 169.2217825 666.6295 154.568315 125.9391875 631.1507
327.11267975 677.8697875 161.58656 526.4024 182.95424 663.14086875 155.9449475 171.72478125 630.93968
338.57291475 672.0792625 175.0011125 462.05443125 196.629735 631.93055 168.4288025 186.979875 628.16171
309.2466125 671.2224 179.8081275 421.3788125 202.610565 624.97295 170.535485 166.910475 627.72827
296.8315775 657.93315 198.3926275 370.78305625 209.862705 578.7178125 194.8000375 158.975275 621.62132
274.4433775 654.2604875 207.463305 319.647743125 213.8788325 558.517275 202.2418975 142.653775 619.844
274.09145 623.6422375 247.765475 292.377805625 232.3019 502.288350625 255.4919925 145.7635375 606.80615
259.3739675 556.998225 331.33853 213.054730625 270.7532925 399.465906875 359.921305 140.97425625 579.77027
288.7780875 431.8737125 450.9314925 195.595811875 365.50363 313.414275625 481.8809625 182.7956625 534.56588
392.0057625 277.95996875 592.457575 198.51471 501.1367675 192.057650625 627.996285 301.44845 478.55543
517.9513225 156.8193875 693.695205 288.65955375 623.4388975 150.57914375 717.2493925 435.04644375 436.847
637.789495 66.5756625 759.7220275 377.02136625 726.25745 127.9093375 765.6527925 560.68949375 406.65317
738.921725 49.70288125 769.69155 487.71782875 767.4762125 152.59585 769.8977 658.3116125 401.66738
754.8065125 51.11825625 769.8735975 549.75616875 768.926005 184.4619375 769.9583825 669.7870375 402.80519
758.072905 52.71026875 769.9021175 573.3689625 769.1661775 211.7011625 769.96776 672.0076 403.93202
762.76305 55.06310625 769.9436575 606.7809125 769.5129125 252.54951875 769.9816325 675.200075 405.62693
764.90422 56.98434375 769.9614825 625.1898875 769.6638825 288.435848125 769.9875225 676.6377125 407.0933
766.502735 58.56026875 769.9746575 639.799125 769.7751725 323.210734375 769.99194 677.706475 408.41498
767.3616675 59.012425 769.98171 648.15398125 769.83446 347.38624125 769.9943425 678.27855625 409.05455
767.74878 57.68309375 769.9853525 651.7934125 769.86267 355.8926775 769.9957375 678.5383125 408.58406
767.66198 53.93616875 769.986515 649.89971875 769.8635225 339.853204375 769.9965125 678.49094375 406.5653
766.4635975 47.87955 769.984655 634.30695 769.81307 288.370718125 769.9969 677.74255 403.01795
757.594575 41.07884375 769.9762075 557.45262375 769.50927 209.25737375 769.99721 672.2651625 398.90168
663.5211225 35.32910625 769.97582 403.794655 768.4838675 130.42946875 769.997985 607.16498125 395.35736
660.59914 31.62183125 769.979385 258.290855 768.524245 67.7394875 769.9986825 606.61264375 393.03455
656.4396375 30.18906875 769.9848875 121.01443 768.6070925 35.414175 769.99938 606.1821 392.1221
662.97436 30.0004875 769.9965125 46.53136875 768.94042 30.0300625 770.0 611.28143125 392.00036
755.45418 30.0 770.0 50.67845 769.9969 30.0050375 770.0 676.2079 392.0
757.324565 30.0 770.0 50.88848125 769.99783 30.003575 770.0 676.80094375 392.0
761.69448 30.0 770.0 57.7493125 769.998605 30.00455 770.0 677.9435625 392.0
763.3181825 30.0 770.0 69.30265625 769.9986825 30.00771875 770.0 678.31455 392.0
764.4594475 30.0 770.0 92.6237625 769.9983725 30.019175 770.0 678.5370125 392.0
765.2871475 30.0 770.0 127.56881875 769.9975975 30.049075 770.0 678.65718125 392.00003
765.6348125 30.00008125 770.0 171.141 769.9954275 30.12228125 770.0 678.61119375 392.00012
765.0003975 30.00040625 769.9999225 213.17170625 769.98822 30.28526875 770.0 678.17878125 392.00045
761.4036225 30.0021125 769.9993025 236.14059375 769.9444325 30.62603125 770.0 676.266075 392.00189
738.5260875 30.0112125 769.9752775 221.71660625 769.2281775 31.12441875 769.9989925 662.09111875 392.00822
655.444739 30.07353125 768.2442375 180.9183 755.48704 31.8373875 769.763625 591.61974375 392.04161
632.482109 34.3954625 757.8524175 218.43264375 743.5395625 57.5663375 760.44146 570.24465625 394.13441
578.4419015 34.54675 756.14548 192.46969375 733.78642 59.17094375 760.1228575 524.9829625 394.21565
579.061049 41.2983 741.9165575 270.398925 720.6217275 94.2708625 746.165805 518.06379375 397.44395
619.9730975 42.129325 738.4763325 312.0965875 721.3668125 101.17784375 744.35804 551.9591 397.86611
623.498185 55.22186875 720.6615625 338.49268125 713.4340675 138.78505625 720.8483375 553.0265625 403.77854
649.4237175 60.428125 706.485185 403.93386875 704.077415 165.6563 709.6883375 570.04738125 406.27709
647.1444425 96.10435 659.4633775 427.6635 681.7210675 223.25466875 648.5868415 564.14765625 421.21043
658.662415 187.48321875 554.948815 509.488425 629.401515 339.57086875 523.6525015 564.23329375 456.96377
605.19215025 321.11184375 431.53642 518.44973125 513.4099775 424.56096875 402.771024 494.14883125 504.71231
490.60003025 473.64815625 292.4894075 480.005075 378.14605 532.44471875 259.2719465 367.3790875 559.91927
367.50089025 589.11350625 198.8198075 398.59379375 259.8515225 574.23785 179.3499475 236.530025 599.51723
248.27845525 654.21263125 153.5382625 296.76463125 170.4472125 576.7905625 151.3381925 113.60291875 620.7152
170.84502 660.122675 150.179955 192.0250125 151.5203175 547.98313125 150.0589775 44.13530625 622.08071
164.953315 658.59655625 150.12493 157.39805 151.0598125 520.78355625 150.04123 40.058425 620.99297
159.7835225 656.489175 150.0783525 122.7745 150.6718475 484.99155 150.02573 36.52364375 619.50485
156.67368 654.402025 150.05177 98.3072 150.4475625 447.7758 150.016895 34.422275 617.96885
154.479965 652.43894375 150.03348 79.3595375 150.2928725 409.908741063 150.0107725 32.94978125 616.44281
153.1867225 651.16364375 150.02294 67.21290625 150.2034375 378.316222312 150.0072075 32.08674375 615.30725
152.4758925 651.16526875 150.0169725 60.2648125 150.1541475 357.981792937 150.005115 31.6131375 614.94626
152.219135 653.16759375 150.014105 58.06204375 150.13392 355.764090437 150.0039525 31.4386125 615.84677
152.50914 657.683875 150.0137175 62.487975 150.1434525 381.512386875 150.0033325 31.61549375 618.36806
154.5807925 664.1829 150.016895 87.96919375 150.2288575 443.859330625 150.0030225 32.90785625 622.22321
173.4215075 670.81980625 150.027745 199.29664375 150.7738375 525.43960375 150.002635 44.5413125 626.2631
260.40123 676.0332125 150.0248 353.61135625 150.9523975 600.8067625 150.00186 93.684075 629.49161
264.1724575 679.02654375 150.0208475 498.6773 150.9052775 655.73769375 150.0011625 94.41849375 631.37675
266.0003725 679.933375 150.0141825 625.64594375 150.7887175 677.9694 150.000465 93.91116875 631.95671
249.2025575 680.0 150.0002325 665.20705625 150.2142875 679.99390625 150.0 82.5798 631.99997
163.6634825 680.0 150.0 659.547425 150.002945 679.99545 150.0 33.55875 632.0
160.7102675 680.0 150.0 657.2254625 150.0017825 679.9962625 150.0 32.67011875 632.0
157.72458 680.0 150.0 649.61989375 150.0013175 679.99488125 150.0 31.91774375 632.0
156.3054 680.0 150.0 635.1270875 150.001395 679.99016875 150.0 31.60769375 632.0
155.2551975 680.0 150.0 607.82456875 150.0017825 679.974325 150.0 31.41496875 632.0
154.5394075 680.0 150.0 570.05371875 150.00279 679.9358125 150.0 31.33185 631.99997
154.4202125 679.9998375 150.0 525.32851875 150.0058125 679.84018125 150.0 31.4623375 631.99982
155.5583775 679.99935 150.0000775 486.81114375 150.01705 679.63510625 150.0 32.12054375 631.99931
161.4634125 679.9965875 150.001705 473.48744375 150.105865 679.2305625 150.0000775 35.32415 631.99703
202.4702125 679.98188125 150.092225 499.51230625 152.1077675 678.738675 150.0048825 63.35954375 631.98761
269.3613925 679.7583625 153.6952 531.7881375 166.83021 676.73123125 150.99882 120.253475 631.87364
295.2381775 676.52176875 163.14958 503.0338925 179.108845 656.43465625 158.611645 144.1063625 630.29855
343.537495 676.16329375 166.6432025 515.0598675 191.72321 653.3049875 159.6229425 186.7424625 630.11387
324.0360925 667.678925 183.238045 424.32531125 204.6738475 612.36449375 176.75548 179.467175 626.08937
297.45491 666.85009375 185.2177825 389.83013625 203.114315 605.6426 178.0808075 157.81283125 625.6682
290.652115 650.3728375 206.8948425 352.9347875 211.9937225 558.50175625 207.2927275 154.33265 618.24686
266.961605 642.87110625 224.0806225 288.84925625 220.80927 525.12734375 223.146205 138.1773875 614.70818
271.4900075 600.9214875 278.43900625 268.745 247.358755 467.33194375 292.5734175 146.49811875 597.52268
266.577515 485.28461875 401.33904875 188.67678125 317.9948125 341.183925 431.548045 154.87694375 553.61147
351.389485 348.83605 524.23110875 194.93595625 445.027465 259.15774375 549.3785025 256.9219875 505.13807
470.2734775 199.134225 658.51148375 255.707625 578.1775025 166.877975 687.50125 386.31204375 451.33679
591.1700675 91.56141875 742.405505 334.71423125 691.1532825 129.4761625 755.915925 514.58401875 414.71315
706.3501025 51.15530625 768.89764 444.23135 762.1359975 142.6864375 769.6138175 630.88803125 401.94659
752.600785 50.4737 769.8532925 536.8838125 768.7554275 174.431625 769.951795 668.2636 402.37172
755.6540525 51.85503125 769.8797975 558.41156875 768.9809525 197.5336 769.9602425 670.3434375 403.33484
761.632015 54.2487375 769.9340475 597.632975 769.431925 238.05159375 769.978455 674.4373 405.03137
763.98321 56.17850625 769.9537325 617.2959625 769.59886 273.009479375 769.984965 676.01915625 406.47455
766.0029375 58.05083125 769.9704725 635.0772 769.7407625 310.663443125 769.990545 677.3731875 407.96309
767.07856 58.99999375 769.97923 645.37441875 769.81493 339.129916875 769.9935675 678.09005625 408.90077
767.6459375 58.47186875 769.98419 650.9009625 769.8546875 354.843721313 769.9952725 678.4686 408.93335
767.7668375 55.74121875 769.98636 651.5287 769.8669325 349.937204437 769.9962025 678.5548875 407.56802
767.1950425 50.5005125 769.9859725 643.57985 769.843915 313.522871937 769.996745 678.1996625 404.57225
763.4832575 43.74644375 769.9808575 601.93361875 769.69899 242.150466937 769.9969775 675.89224375 400.52687
720.98311 37.41706875 769.9709375 462.0433 768.7631775 160.58150625 769.9975975 649.06024375 396.65048
693.8930625 32.81344375 769.9741925 309.09578125 768.786505 89.79601875 769.9983725 640.2408 393.78569
687.3881 30.5263375 769.97861 164.27643125 768.844165 43.9862125 769.99907 638.916425 392.33813
688.1656575 30.01470625 769.9870575 54.0279 769.0193925 30.49619375 769.9997675 640.69149375 392.00963
728.8410675 30.0 770.0 43.5435625 769.984965 30.003575 770.0 667.2808 392.0
754.6442275 30.0 770.0 48.9769125 769.9971325 30.00349375 770.0 676.03768125 392.0
760.65567 30.0 770.0 54.85591875 769.99845 30.0040625 770.0 677.68478125 392.0
762.75995 30.0 770.0 63.6311625 769.9986825 30.00593125 770.0 678.19308125 392.0
764.0418775 30.0 770.0 81.73098125 769.998605 30.01291875 770.0 678.46055625 392.0
765.0002425 30.0 770.0 112.54098125 769.9980625 30.034125 770.0 678.62338125 392.00003
765.5804075 30.00008125 770.0 153.1007375 769.9966675 30.08474375 770.0 678.660025 392.00009
765.42347 30.00024375 770.0 197.6270375 769.9923275 30.20629375 770.0 678.42350625 392.0003
763.5337875 30.0011375 769.9997675 230.7419375 769.9731075 30.46418125 770.0 677.4026 392.00108
753.30278 30.00576875 769.99504 232.82786875 769.7717625 30.92470625 769.999845 671.62125625 392.00462
687.954315 30.02965625 769.63885 197.381175 764.26779 31.4077375 769.9740375 621.51324375 392.01878
649.2671675 31.10329375 763.79132 196.3819625 752.306285 39.4835 766.70501 588.1405375 392.55104
603.120955 31.80058125 758.3882525 184.51158125 738.5823525 44.93171875 764.4042675 547.80795625 392.90057
585.292545 35.4819375 747.3937925 233.41748375 725.0032675 66.85475625 755.610885 527.9141375 394.68452
611.91488 37.05924375 739.8609475 284.64902125 715.7965 77.93709375 751.4479725 543.62309375 395.46542
628.213285 47.570475 723.0529025 341.4366775 709.12282 119.04504375 730.9766575 554.57331875 400.34591
645.0860425 52.5857125 711.6813275 389.61020875 703.4929875 143.26713125 720.5384925 566.123575 402.73454
648.885015 82.38025 671.043195 427.68373125 685.237475 204.994551875 667.20307 565.6619125 415.57454
659.51414 147.36326875 591.2612075 495.4144625 649.10155 303.282351875 565.9841175 567.85070625 441.937964
634.909595 273.76616875 470.3635325 519.83553125 557.895365 397.559895625 439.6860875 531.06931875 487.977344
533.2395925 425.9882875 332.38509 516.03439625 424.22011 514.088645625 297.5075325 413.948175 543.239564
407.9867275 550.0416 229.06023 427.20019625 301.578685 558.9483875 204.648815 280.939325 586.124534
288.16018 641.30574375 161.7833325 340.82543375 197.86431 583.162025 155.07377 155.09705 616.69544
184.5103625 660.30898125 150.3596 229.9776025 152.9074125 559.6083 150.11966 54.3007375 622.38422
165.6467075 659.026775 150.130665 162.94246875 151.10887 527.76601875 150.042935 40.52536875 621.29294
162.5307425 657.509025 150.1034625 140.38828125 150.8798575 501.89553125 150.0340225 38.4072625 620.22239
157.4823925 655.13010625 150.058435 105.2243375 150.504525 460.8851625 150.0189875 34.96526875 618.51506
155.30968 653.20935625 150.0403 86.64709375 150.3511525 425.311109375 150.01302 33.50585625 617.05649
153.6094075 651.5499875 150.0262725 71.25801875 150.2325 389.70475125 150.00837 32.368275 615.68681
152.7006425 650.966125 150.0188325 62.455475 150.16988 364.421839375 150.00589 31.76288125 614.96732
152.2702075 652.089325 150.01488 58.3534875 150.1389575 354.0257475 150.0044175 31.4746875 615.30938
152.3013625 655.5842125 150.013485 59.5637875 150.13516 367.166838125 150.003565 31.4863875 617.16566
153.3063825 661.462 150.0149575 72.836625 150.1773975 414.9656525 150.0031 32.1138 620.59001
160.3818225 668.2813125 150.0225525 139.60356875 150.42966 492.662451875 150.00279 36.49155 624.70742
243.84692 674.1872125 150.02542 292.0102875 151.59557 572.3912 150.0020925 93.24816875 628.34231
248.875895 678.12190625 150.0219325 440.708675 151.5573625 637.290775 150.001395 94.39615 630.80348
253.290915 679.75015625 150.01674 580.23125625 151.48211 672.97504375 150.0006975 94.9627875 631.83893
248.6718375 679.99861875 150.0059675 664.94754375 151.200165 679.937925 150.0000775 90.99445625 631.99907
166.8524525 680.0 150.0 662.2853875 150.003565 679.9959375 150.0 34.42788125 632.0
162.93847 680.0 150.0 659.52313125 150.00217 679.99650625 150.0 33.2683625 632.0
158.5275575 680.0 150.0 653.01630625 150.001395 679.9956125 150.0 32.11063125 632.0
156.8110875 680.0 150.0 642.24995 150.0013175 679.99285 150.0 31.7129125 632.0
155.63766 680.0 150.0 620.1922 150.00155 679.98269375 150.0 31.48005 632.0
154.7754725 680.0 150.0 586.2136125 150.0022475 679.95515 150.0 31.34850625 631.99997
154.362475 679.99991875 150.0 543.200025 150.004185 679.8882 150.0 31.37093125 631.99988
154.8611875 679.99959375 150.0000775 500.31180625 150.0104625 679.73683125 150.0 31.745575 631.99958
157.9264675 679.99813125 150.0005425 474.54710625 150.0458025 679.4167875 150.0 33.3733375 631.99835
176.614585 679.99033125 150.0163525 484.86276875 150.560635 678.9224625 150.00062 44.6381625 631.99283
258.846115 679.94418125 151.25209 525.5078375 162.4254975 678.3299875 150.139655 113.41376875 631.96757
283.5169225 676.4326375 160.6005275 493.52223125 174.1118 656.44375625 158.0363625 135.99379375 630.25994
339.542835 676.2509625 162.7480525 520.4248375 185.105795 654.62164375 158.4821425 183.3406875 630.16361
342.8265875 669.20179375 177.312085 444.45941875 198.548015 618.4185125 172.92977 192.97198125 626.79716
303.8061125 668.48915 180.6924025 404.873525 199.21095 612.26016875 174.49217 161.39384375 626.43311
298.5317725 655.27359375 198.52709 373.2684125 206.8745375 572.03183125 198.1269575 158.9548 620.42912
271.7125875 650.88008125 210.619105 311.405678125 214.158995 548.2237125 207.44207 140.40664375 618.308
273.7371975 617.62770625 254.4852675 288.838490625 234.8807125 493.39613125 264.65366275 145.7905125 604.32464
260.237705 535.389974375 352.124185 205.346234375 282.296685 380.9727 383.16464775 143.500075 571.724
304.196015 404.131411875 474.8703125 193.191559375 391.9462425 295.8758375 504.63574525 202.762516875 524.69816
415.8549925 250.711668125 615.5354475 219.5473125 527.842105 181.91726875 649.84393025 327.573323125 469.03028
540.12229 133.231724375 712.0398425 304.0725 647.744215 140.15736875 733.16766 459.571748125 428.69492
659.8313475 58.7235 764.7477475 401.61824375 742.48347 130.62056875 767.942995 583.764810625 404.18606
746.91585 49.74821875 769.79571 509.1122375 768.283065 158.26961875 769.9329625 664.26845625 401.8001
755.0732675 51.30756875 769.87569 551.92993125 768.944605 187.434225 769.95908 669.9664375 402.93665
759.5783425 53.24716875 769.915835 582.8848 769.2804125 220.55570625 769.9724875 673.04069375 404.31131
763.148535 55.4252375 769.94668 610.138975 769.5398825 259.10346875 769.9827175 675.45853125 405.90098
765.3342675 57.38100625 769.96497 628.972725 769.6941075 296.39275 769.9887625 676.9259875 407.41076
766.717255 58.75624375 769.9763625 641.865475 769.789975 329.02461875 769.9924825 677.849475 408.60821
767.4754375 58.90915625 769.9827175 649.26613125 769.8424425 350.687534375 769.9946525 678.354525 409.061
767.7747425 57.1311625 769.985895 651.943075 769.8652275 355.04316 769.9958925 678.55675625 408.3074
767.557665 52.8642375 769.986515 648.43136875 769.8593375 332.589235 769.99659 678.4261875 405.9506
765.826315 46.48944375 769.983725 626.694475 769.7872625 273.61181 769.9969775 677.3454 402.18236
751.207025 39.78306875 769.973495 526.600975 769.3362125 192.521344375 769.9972875 668.31714375 398.10839
653.76674 34.38790625 769.975975 372.20054375 768.9253075 115.902375 769.9980625 605.87164375 394.77125
651.4850625 31.16033125 769.9797725 229.6756125 768.9701025 58.287675 769.99876 605.52064375 392.74199
648.5487425 30.09693125 769.98605 98.64853125 769.0736425 32.88925 769.9994575 605.60871875 392.06279
661.045695 30.00008125 769.99938 47.7138 769.5541425 30.00966875 770.0 614.31384375 392.00003
756.99643 30.0 770.0 53.15600625 769.99721 30.00576875 770.0 676.620325 392.0
758.376395 30.0 770.0 51.99348125 769.9980625 30.003575 770.0 677.083775 392.0
762.10492 30.0 770.0 59.4883875 769.9986825 30.00479375 770.0 678.0420375 392.0
763.5761025 30.0 770.0 72.92754375 769.9986825 30.0089375 770.0 678.368175 392.0
764.655755 30.0 770.0 98.997825 769.998295 30.02331875 770.0 678.5704875 392.0
765.4099075 30.0 770.0 135.85063125 769.997365 30.05874375 770.0 678.66644375 392.00003
765.609625 30.00008125 770.0 180.3685625 769.9946525 30.14681875 770.0 678.56601875 392.00015
764.6562975 30.00056875 769.9999225 220.23639375 769.984965 30.3368625 770.0 677.9928 392.00057
759.65437 30.002925 769.99876 236.85900625 769.915215 30.72109375 770.0 675.3032625 392.00252
725.49051 30.01551875 769.9404025 214.45269375 768.48813 31.21785625 769.9971325 652.74875 392.01083
650.41904225 30.15461875 766.97378 177.283825 753.2648825 32.5501125 769.357835 588.6751625 392.08268
627.06364225 34.3701125 756.4747775 213.61598125 741.0411175 57.6687125 760.0968175 566.83134375 394.12409
575.53575225 34.5781125 754.2367325 193.9295125 730.25459 59.70946875 759.6068625 522.68236875 394.23404
588.22048725 42.51778125 738.5248475 281.15341875 717.2346675 99.00245625 743.5539 524.61595625 398.01119
622.1058975 43.31760625 736.2940875 318.98000625 719.58098 105.66446875 742.12573 552.89339375 398.4185
626.357005 58.11664375 716.6692275 347.815225 711.1516925 146.85659375 715.86532 554.48686875 405.0794
651.9241775 64.66230625 700.3013825 414.75620625 701.4705475 177.950075 701.880755 571.4682 408.19301
647.9329275 104.1832 648.628335 435.5475125 676.39023 235.2542375 635.560533 563.81144375 424.50293
655.6784325 212.18435625 531.142985 517.3493625 612.1576844 358.819725 500.337448 558.859175 465.88097
581.1338175 348.1429875 407.745935 516.96318125 487.5451244 441.95269375 381.3923855 466.63823125 514.25057
463.3052975 499.0491 271.3971625 462.37666875 353.4611344 539.61633125 240.8811655 337.83699375 568.62428
341.7945975 609.58834375 183.902375 383.470325 238.5075544 579.04630625 168.2778325 208.7279 606.36641
224.8009075 657.813875 151.6119225 275.79546875 160.8493025 570.40000625 150.5771425 89.6607375 621.77186
168.24505 659.7305625 150.1544575 178.2271375 151.30975 539.46244375 150.050685 42.31936875 621.77651
164.6582725 658.31006875 150.122915 153.95313125 151.0416775 515.431375 150.0405325 39.8678125 620.78294
158.7605225 655.97965625 150.069285 115.34004375 150.596595 476.0014 150.0225525 35.82846875 619.13501
156.240455 654.015275 150.04805 94.597 150.4170275 440.5725975 150.0155775 34.1312375 617.67344
154.14191 652.09801875 150.0306125 76.2756125 150.26939 402.593348563 150.009765 32.72358125 616.16135
153.0022725 651.03884375 150.0213125 65.42020625 150.1907275 373.104343562 150.006665 31.9638125 615.15743
152.3887825 651.3878125 150.0160425 59.4289125 150.1479475 355.842748563 150.0048825 31.5548 615.01217
152.222855 653.8766625 150.0137175 58.268175 150.1330675 358.379519813 150.003875 31.43934375 616.22282
152.691575 658.89084375 150.0138725 64.931 150.1512025 391.26081875 150.0033325 31.7294875 619.07009
155.7476325 665.5838125 150.0183675 100.46381875 150.27311 459.9759425 150.0030225 33.63179375 623.06783
188.3602525 672.02701875 150.0292175 232.64343125 151.0694225 541.77449375 150.00248 53.992475 627.00662
233.253445 676.83685625 150.0259625 386.23469375 151.0653925 614.16190625 150.001705 71.1217625 629.99477
240.2398375 679.34959375 150.0217 532.11915 151.0120725 663.05783125 150.0010075 72.64975 631.58261
240.32656 679.9741625 150.0138725 648.61613125 150.85963 679.1645875 150.00031 71.333825 631.98314
209.6045525 680.0 150.0 666.989275 150.0337125 679.9962625 150.0 51.23411875 632.0
166.049165 680.0 150.0 661.3224125 150.003255 679.996425 150.0 34.18786875 632.0
159.674635 680.0 150.0 655.7879875 150.0016275 679.99601875 150.0 32.39988125 632.0
157.3898575 680.0 150.0 647.50723125 150.0013175 679.99439375 150.0 31.8408 632.0
156.06794 680.0 150.0 630.65679375 150.001395 679.98821875 150.0 31.5608125 632.0
155.0800475 680.0 150.0 600.92685 150.00186 679.96888125 150.0 31.38831875 632.0
154.4527625 679.99991875 150.0 561.2437 150.0031 679.92256875 150.0 31.33534375 631.99994
154.5136775 679.99975625 150.0 516.49778125 150.006975 679.809875 150.0 31.53440625 631.99976
156.122345 679.999025 150.000155 481.39274375 150.02294 679.57035 150.0 32.41678125 631.9991
164.639905 679.99504375 150.0034875 475.54193125 150.175615 679.12664375 150.0000775 37.15739375 631.99601
222.0743025 679.9748125 150.2333525 508.31314375 154.200965 678.64483125 150.015035 79.607025 631.98368
268.8323 679.3188 155.2601575 521.51171875 166.9006575 673.41785625 152.3077175 119.51076875 631.65599
306.8982075 678.10679375 161.896405 520.4680625 180.0263675 664.6006875 155.9492875 153.20498125 631.05572
334.241835 676.26550625 170.1314775 493.7169875 193.7423175 652.2152625 161.0111225 180.2785375 630.15056
307.5175875 672.79288125 181.5298675 423.959995 204.9554825 631.5283625 169.60905 166.03338125 628.4675
289.309505 667.863525 192.3158525 373.010395 209.82039 607.153525 180.27925 153.34960625 626.12021
275.9695075 657.1863 211.5653025 321.8646575 218.7218075 567.76376875 202.201675 145.13263125 621.19385
266.597975 635.25944375 246.1189875 271.24347 234.6621625 510.42531875 244.995005 141.09125625 611.49254
263.6749075 574.396125 319.9451 223.8369875 268.9132875 423.06109375 339.4344125 144.6158 586.84472
279.3317675 444.82415 445.6862925 180.43348125 356.5158 310.236125 475.497675 173.014625 538.98539
381.678345 298.917675 574.4819925 194.298875 486.9976675 211.14581875 604.8261875 290.2977 486.53579
504.7808175 165.17148125 686.652935 276.583675 611.8721775 152.68790625 711.9589325 421.72729375 439.64543
624.53746 71.60853125 756.1426125 360.6714125 716.912035 126.0882 763.88804 547.7835 408.21269
730.9789825 49.747325 769.5651475 471.59041875 766.539315 148.16065625 769.8542225 652.1564375 401.58743
753.8617875 50.8268125 769.86484 544.19931875 768.853155 179.97506875 769.9555925 669.13516875 402.60911
756.84577 52.2753375 769.890725 565.775825 769.0724025 204.5222375 769.96404 671.16365625 403.62713
762.258525 54.6753 769.939395 602.63886875 769.4769525 245.64148125 769.980315 674.86020625 405.34034
764.4704525 56.595725 769.95784 621.4367875 769.6333475 280.9234 769.9864375 676.3465125 406.78958
766.27287 58.3310625 769.9727975 637.6096 769.7593625 317.311838125 769.9913975 677.55315625 408.20459
767.2336375 59.04110625 769.9807025 646.8937125 769.8255475 343.692624375 769.9940325 678.1931625 408.99995
767.7076275 58.11908125 769.984965 651.4533 769.8593375 355.89427325 769.9955825 678.5100375 408.78491
767.7282425 54.87346875 769.9865925 650.88008125 769.8660025 345.52011075 769.9963575 678.53165 407.09072
766.8859725 49.18791875 769.9855075 639.59364375 769.8308175 301.381235125 769.9968225 678.0062875 403.79474
761.191815 42.367875 769.9786875 582.05418125 769.620715 225.409511375 769.997055 674.4777625 399.68741
691.32334075 36.312475 769.9731075 432.00054375 768.45186 144.89651875 769.9977525 628.2767375 395.96747
682.62125325 32.156375 769.9765175 281.32055 768.4874325 77.9594375 769.9985275 626.03610625 393.37217
677.70837325 30.3235375 769.9814 139.81774375 768.5560975 38.94001875 769.999225 625.27398125 392.20835
680.80984575 30.00333125 769.9913975 45.7324375 768.7960375 30.13040625 769.9999225 628.35806875 392.00222
748.97797 30.0 770.0 45.8214875 769.995195 30.00365625 770.0 674.35239375 392.0
756.5062425 30.0 770.0 49.998225 769.997675 30.00349375 770.0 676.5784 392.0
761.232425 30.0 770.0 56.26300625 769.998605 30.00430625 770.0 677.83005625 392.0
763.05538 30.0 770.0 66.30566875 769.9986825 30.00674375 770.0 678.25824375 392.0
764.2615125 30.0 770.0 87.06309375 769.99845 30.0157625 770.0 678.5015875 392.0
765.1555525 30.0 770.0 120.055225 769.99783 30.0411125 770.0 678.64345 392.00003
765.62652 30.00008125 770.0 162.3395125 769.996125 30.1022125 770.0 678.64174375 392.00009
765.247855 30.000325 770.0 205.9122625 769.9906225 30.24318125 770.0 678.31674375 392.00036
762.6284325 30.00154375 769.9996125 234.3117375 769.9619475 30.54275 770.0 676.92330625 392.00144
747.3547325 30.008125 769.98915 228.0888 769.5876225 31.0294375 769.9996125 667.923975 392.00624
668.687319 30.0440375 769.1416875 188.50290625 759.9198075 31.55748125 769.91878 603.50288125 392.0264
641.0516715 32.612675 761.04255 211.816292938 748.415165 48.5501875 763.7132 578.70456875 393.28265
584.5569615 32.86658125 758.056785 185.997967937 735.787005 50.89091875 762.963775 530.3659375 393.41465
577.7752465 39.9619 743.3681325 258.995242937 722.1022875 87.2177125 748.38432 518.39090625 396.80417
612.534725 40.62254375 739.8394025 296.945249187 719.4251275 93.0097 746.906085 545.1349125 397.14236
620.70338 54.04553125 721.7057975 336.8281125 711.99869 136.65135 722.8661275 549.83904375 403.2809
647.113055 57.8577 711.5618225 394.075465 706.94662 157.95648125 714.96198 568.94595625 405.12881
645.5829725 89.09808125 670.3764625 416.40402125 687.68043 210.9871375 660.9916775 564.209325 418.32314
660.4851375 162.721444375 579.8090325 500.19828375 644.7134225 318.99024375 549.6034075 568.2463125 447.8897303
624.5310275 290.940931875 458.38211 514.87317125 542.449925 404.1486125 427.854395 518.53861875 493.9837703
516.7711525 444.917238125 316.649025 501.38170625 406.27886 523.1171375 281.552995 396.46520625 549.9666803
391.4231175 564.231481875 217.576745 413.43410625 284.9711325 564.418625 195.1174 263.43344375 590.9781503
271.56681 647.5580125 157.5629925 320.68845 185.64504 581.0782875 153.0788425 138.36304375 618.64817
176.4419925 660.305 150.2451325 211.12241875 152.038405 554.7324875 150.080755 48.20170625 622.27925
164.941845 658.7714875 150.124155 158.634025 151.0550075 523.8947 150.0408425 40.04014375 621.12023
161.147135 657.0174625 150.090675 131.76205 150.77438 493.83415 150.02976 37.456475 619.87742
157.0186325 654.74059375 150.05456 101.3370125 150.4717425 453.94235 150.0177475 34.65335 618.22583
154.86669 652.80489375 150.0366575 82.80055625 150.3199975 417.388421875 150.01178 33.20864375 616.73987
153.380705 651.3289875 150.0244125 69.08604375 150.2167675 383.66917625 150.00775 32.21585 615.4793
152.57579 651.02860625 150.0177475 61.2403 150.1611225 360.802818125 150.005425 31.6797625 614.93486
152.234945 652.589825 150.0143375 58.0964125 150.13578 354.39077125 150.0041075 31.4503125 615.55199
152.3872325 656.6102375 150.013485 60.80163125 150.1383375 373.758211875 150.00341 31.539525 617.74787
153.8374125 662.84235625 150.01581 79.34093125 150.199175 429.2043575 150.0030225 32.44521875 621.41666
165.295865 669.60479375 150.025265 168.11500625 150.572415 509.510484375 150.0027125 39.5158375 625.51616
264.963965 675.17375 150.0237925 322.37219375 151.295335 587.25840625 150.0019375 107.5207875 628.95548
266.965325 678.63069375 150.0200725 464.4301 151.25271 647.34993125 150.00124 107.81093125 631.12538
270.8216475 679.86439375 150.0141825 598.82889375 151.1600975 676.03621875 150.0005425 108.0729625 631.91228
261.578455 679.9998375 150.0016275 661.22938125 150.7574075 679.98415625 150.0 101.34976875 631.99988
163.449195 680.0 150.0 656.20731875 150.0028675 679.99374375 150.0 33.50065625 632.0
162.4244125 680.0 150.0 658.65180625 150.0020925 679.996425 150.0 33.1343 632.0
158.081235 680.0 150.0 651.37034375 150.0013175 679.99536875 150.0 32.00224375 632.0
156.5455725 680.0 150.0 638.88010625 150.0013175 679.9917125 150.0 31.65685 632.0
155.4368575 680.0 150.0 614.1285125 150.0016275 679.97879375 150.0 31.44503125 632.0
154.6463575 680.0 150.0 578.1601125 150.00248 679.94613125 150.0 31.33713125 631.99997
154.3726275 679.99991875 150.0 534.0555 150.0048825 679.86553125 150.0 31.41009375 631.99988
155.16646 679.9995125 150.0000775 493.07828125 150.0132525 679.6888125 150.0 31.91205625 631.99949
159.43609 679.99748125 150.00093 473.3056875 150.068975 679.3251375 150.0 34.1929875 631.99778
187.727155 679.986675 150.0389825 491.99993125 151.0932925 678.82618125 150.001705 52.29621875 631.99046
268.30065775 679.89494375 152.39165 531.73979375 166.0850475 677.87864375 150.4040075 121.07320625 631.94231
290.76263775 675.2483375 163.268775 492.50173125 178.242705 650.7400875 160.3308275 142.1557125 629.69624
343.12349775 675.0916875 164.9752475 516.0539125 187.847125 649.08575625 160.6535375 186.18013125 629.61215
336.96372025 668.0999625 179.5302125 434.314625 200.85612 613.1193875 175.0477675 189.10919375 626.27288
297.7733575 667.21831875 182.6047925 392.82601875 199.0037925 605.91405625 176.85809 156.3757625 625.82582
294.67607 653.7222875 200.9163375 367.739025 207.180275 568.4106 201.0756 155.665475 619.74935
269.280095 647.6889875 216.7466425 300.31330625 217.5115675 538.7333875 214.04011 139.3161875 616.87094
272.2150975 609.73134375 266.6417625 277.05776875 241.4652675 480.0253875 278.5002855 146.0066375 601.08575
262.804195 509.17374375 378.16899 196.0719125 299.7518395 359.8836125 409.263013 148.5276625 562.21454
327.3070575 373.88055 501.8028025 191.41181875 420.975247 275.427975 529.315163 230.52751875 513.98015
443.96835 222.303475 639.2123175 239.80090625 555.533692 173.58475625 671.010893 358.6105875 459.26186
566.0789 109.28366875 729.6641175 319.248375 672.0424645 132.67034375 747.1347875 488.41030625 420.57692
684.3281675 53.5623375 767.6805025 424.57981875 755.365365 136.539225 769.1499025 609.508475 402.61964
750.7244325 50.07159375 769.8357 525.84543125 768.60903 166.54346875 769.9461375 666.96628125 402.07496
755.1251925 51.53978125 769.8753025 554.0340625 768.94352 191.839925 769.9588475 669.9882125 403.10723
760.7944725 53.78374375 769.926685 591.34268125 769.3707775 229.81771875 769.9760525 673.86960625 404.69177
763.54518 55.796875 769.9500125 613.58730625 769.5677825 265.903955625 769.983725 675.72470625 406.18322
765.703555 57.74451875 769.96807 632.31689375 769.7198375 303.928549375 769.9896925 677.1729875 407.70803
766.9118575 58.907775 769.9779125 643.75575625 769.803305 334.385388125 769.993025 677.9789875 408.77696
767.5716925 58.72935 769.9834925 650.19904375 769.849185 353.14754875 769.9949625 678.41879375 409.02809
767.7812525 56.47515 769.9861275 651.86011875 769.8666225 352.946056875 769.9960475 678.56260625 407.9657
767.4036725 51.69643125 769.986205 646.34438125 769.8528275 323.546638125 769.9966675 678.33023125 405.27278
764.8717475 45.085525 769.9824075 616.01278125 769.75014 257.776843125 769.9969775 676.75235625 401.33537
739.8305675 38.54189375 769.971325 493.1290625 769.0824775 175.9689075 769.9974425 661.22840625 397.34375
673.210715 33.53535 769.974425 339.1001875 769.0369075 102.09385625 769.9982175 630.40946875 394.23848
667.1127825 30.79340625 769.9785325 192.83905625 769.08674 50.24449375 769.998915 629.07014375 392.50859
666.230755 30.041925 769.98574 70.97900625 769.2202725 31.31405625 769.9996125 629.99119375 392.0273
689.310875 30.0 769.9999225 43.14291875 769.9174625 30.0043875 770.0 645.2349125 392.0
754.5434775 30.0 770.0 48.88014375 769.9966675 30.00381875 770.0 675.9518 392.0
759.9246125 30.0 770.0 53.554375 769.998295 30.00381875 770.0 677.4966875 392.0
762.45336 30.0 770.0 61.4406625 769.9986825 30.00528125 770.0 678.12345 392.0
763.820305 30.0 770.0 77.1466125 769.998605 30.010725 770.0 678.4174125 392.0
764.838035 30.0 770.0 105.7371875 769.99814 30.02835625 770.0 678.599575 392.0
765.5089525 30.0 770.0 144.5057875 769.9969775 30.07076875 770.0 678.6675 392.00003
765.53755 30.0001625 770.0 189.33506875 769.99349 30.17509375 770.0 678.502725 392.00018
764.1708375 30.0008125 769.999845 226.14391875 769.9800825 30.39723125 770.0 677.7371875 392.00075
757.020765 30.00414375 769.99752 235.5967875 769.86267 30.82265625 769.9999225 673.81354375 392.00342
707.510665 30.02153125 769.849185 205.84376875 766.9515375 31.30804375 769.991165 638.5392625 392.01428
651.37943 30.415675 765.522205 182.199125 753.28666 34.62735 768.4201625 590.8523375 392.21288
620.20056 32.44066875 757.59287 197.429275 740.7242975 48.35461875 763.04422 562.766 393.20657
581.5118625 33.269175 751.83431 202.1945875 726.93511 54.64401875 760.5421325 527.045575 393.62168
606.70192 39.74845625 736.838525 287.65285 714.6351625 88.1303125 746.426825 539.22568125 396.71531
626.50224 41.42951875 732.213015 325.9396375 712.95349 99.1262 743.02845 554.0672125 397.54424
637.235215 58.21836875 708.3844 374.23488125 703.2009675 150.14965625 711.9434325 560.33670625 405.13433
654.0839475 69.78203125 685.9386175 432.41703125 692.4283125 192.0740875 687.8623225 570.929025 410.45825
651.320685 118.9845125 623.89273595 460.71445625 662.5827525 260.80386875 608.4835675 563.50301875 430.50176
648.60431 243.69635625 497.13412345 528.05234375 583.8007475 385.5729125 467.6532025 547.6380625 477.25862
552.3636475 382.107925 374.44511345 514.50683125 455.2285575 469.64009375 349.30458 435.44180625 526.48958
431.63221 527.20880625 247.68743095 443.47141875 325.2142475 549.00745 220.8994025 305.1994375 578.22788
311.6114475 629.503775 169.937805 363.14539375 215.7778925 582.5381875 159.422295 178.243225 612.90485
200.0016825 659.7581875 150.672855 252.26059375 155.1152325 564.1896625 150.229865 66.96655625 622.29539
166.6373125 659.3161875 150.1397325 168.4969625 151.185905 532.06268125 150.0459575 41.21095625 621.48293
163.838245 657.94265625 150.11563 148.21850625 150.9806075 509.06811875 150.03813 39.308325 620.5211
158.00668 655.5185625 150.0628525 109.486875 150.542035 467.841625 150.0205375 35.3184625 618.79916
155.7670075 653.60634375 150.0440975 90.55846875 150.38347 432.956539375 150.0143375 33.81298125 617.36237
153.8507425 651.79690625 150.02821 73.544475 150.24924 395.78426625 150.00899 32.52923125 615.90383
152.8378175 650.9695375 150.0199175 63.80585 150.1794125 368.39037375 150.0062 31.8542875 615.04007
152.3196525 651.7004625 150.015345 58.78695625 150.1428325 354.50978625 150.004495 31.50824375 615.13376
152.249825 654.69785625 150.013485 58.7704625 150.133455 362.217071875 150.0036425 31.45494375 616.66913
152.953525 660.1787375 150.01426 68.36438125 150.1623625 402.68972 150.0031775 31.89320625 619.82858
157.580585 666.97928125 150.0202275 117.767875 150.33821 476.658225 150.002945 34.7649875 623.91446
213.5231075 673.17118125 150.02821 263.96806875 151.4180175 557.73475625 150.002325 70.818375 627.713
228.4759575 677.54438125 150.0248775 415.9249875 151.3862425 626.5691875 150.00155 75.0916375 630.43934
234.083935 679.588875 150.0202275 559.13225625 151.323235 668.8487625 150.0008525 76.1010875 631.73558
232.2002975 679.99285 150.011005 661.4842625 151.117395 679.74268125 150.000155 73.71258125 631.99529
178.01563 680.0 150.0 665.4512125 150.0075175 679.99650625 150.0 37.882875 632.0
164.292085 680.0 150.0 660.50528125 150.0025575 679.99650625 150.0 33.648125 632.0
159.027665 680.0 150.0 654.4164875 150.0014725 679.995775 150.0 32.235025 632.0
157.083035 680.0 150.0 645.0265875 150.0013175 679.99358125 150.0 31.77198125 632.0
155.84257 680.0 150.0 625.5742 150.00155 679.9855375 150.0 31.5175875 632.0
154.917995 680.0 150.0 593.6148375 150.00217 679.9623 150.0 31.3658125 631.99997
154.3926225 679.99991875 150.0 552.0839 150.00372 679.90631875 150.0 31.348425 631.99991
154.66116 679.999675 150.0 508.0452625 150.0086025 679.775425 150.0 31.62881875 631.99967
156.9129225 679.99861875 150.00031 477.3213875 150.0323175 679.49568125 150.0 32.8328625 631.99874
169.540075 679.9930125 150.00744 479.57615625 150.3103875 679.0198 150.0002325 40.11700625 631.99457
242.733307 679.9637625 150.5772975 517.52413125 157.8694275 678.5232 150.0475075 98.3918625 631.97774
274.673537 678.20673125 157.5222275 504.86115625 169.4173925 666.15816875 154.7213 126.45260625 631.11308
328.1343545 677.81445625 161.5939225 526.34065 183.0992425 662.826675 156.0165575 172.6891375 630.91298
339.034032 671.82958125 175.2181125 460.77636875 196.7910125 630.8452125 168.8256025 187.53733125 628.04405
309.2334375 671.0109875 179.8273475 420.7216625 202.4083675 624.11763125 170.81681 166.83661875 627.62918
297.2617025 657.6346375 198.4251 371.15696875 209.6925925 577.87809375 195.142665 159.23714375 621.48554
274.342705 654.0056875 207.4591975 319.4850075 213.6802775 557.7666875 202.50098 142.47006875 619.7279
274.2603225 623.3837 247.72719 292.983045 232.12923 502.108658125 255.653115 145.791325 606.69938
259.36893 556.30703125 331.8518125 212.89857625 270.93317 398.846895625 360.59385 140.96483125 579.511127
289.1931775 431.0773 451.502435 195.7653075 366.1672625 313.131964375 482.43036 183.3029875 534.285527
392.673425 277.0914875 593.2022725 199.091154375 501.9156425 191.669795625 628.7123075 302.18945 478.245317
518.6179775 156.14444375 694.2639775 289.226329375 624.16484 150.314025 717.738185 435.79426875 436.615187
638.4453 66.30306875 759.91229 377.829535625 726.77918 127.97734375 765.74308 561.38385625 406.56032
739.2769075 49.70336875 769.69651 488.549723125 767.51473 152.8396 769.89956 658.5865625 401.67239
754.8381325 51.13011875 769.87383 549.9718875 768.9284075 184.669775 769.9585375 669.8088125 402.81536
758.1307975 52.7318 769.9025825 573.75530625 769.170595 212.0638625 769.9679925 672.04733125 403.94894
762.7865325 55.0809 769.9438125 606.99468125 769.5146175 252.87110625 769.98171 675.21591875 405.64274
764.9215025 57.0005125 769.96156 625.355475 769.6652 288.77548125 769.9876 676.64925 407.1104
766.5125775 58.57018125 769.9746575 639.89955 769.77587 323.488170625 769.9920175 677.712975 408.42611
767.367015 59.0099875 769.98171 648.20110625 769.83477 347.58779 769.9943425 678.28205 409.05839
767.7508725 57.66440625 769.9853525 651.8109625 769.862825 355.933261875 769.9957375 678.53969375 408.57749
767.6591125 53.8967625 769.986515 649.86136875 769.8633675 339.620130625 769.9965125 678.4892375 406.54352
766.44275 47.825275 769.984655 634.06620625 769.8122175 287.81309125 769.9969 677.72963125 402.98615
757.39602 41.02716875 769.97613 556.278260625 769.50338 208.574378125 769.99721 672.14141875 398.87078
662.62437 35.29010625 769.9758975 402.545216875 768.4979725 129.82578125 769.997985 606.5329375 395.33309
659.82476 31.60119375 769.9794625 257.354473125 768.538505 67.3283625 769.9986825 606.014725 393.02147
655.6827725 30.18435625 769.984965 120.271179375 768.62205 35.28701875 769.99938 605.59490625 392.11904
662.405975 30.0004875 769.9966675 46.735225 768.960415 30.028275 770.0 610.807825 392.00033
755.58841 30.0 770.0 50.97655625 769.9969 30.00511875 770.0 676.24389375 392.0
757.3420025 30.0 770.0 50.92520625 769.99783 30.003575 770.0 676.80533125 392.0
761.7145525 30.0 770.0 57.82300625 769.998605 30.00455 770.0 677.94851875 392.0
763.329575 30.0 770.0 69.43655625 769.9986825 30.0078 770.0 678.31706875 392.0
764.4690575 30.0 770.0 92.91683125 769.9983725 30.0193375 770.0 678.53888125 392.0
765.2936575 30.0 770.0 127.9103125 769.9975975 30.04931875 770.0 678.658075 392.00003
765.6358975 30.00008125 770.0 171.58925625 769.9954275 30.12325625 770.0 678.61005625 392.00012
764.993345 30.00040625 769.9999225 213.5835625 769.98822 30.286975 770.0 678.1743125 392.00045
761.3541 30.0021125 769.9993025 236.312925 769.943735 30.62960625 770.0 676.238775 392.00192
738.132 30.011375 769.9745025 221.62008125 769.2095775 31.1285625 769.998915 661.82478125 392.00834
655.12997275 30.07531875 768.202155 180.78269375 755.3426575 31.854125 769.75417 591.3547875 392.04254
632.23562025 34.4416125 757.7519775 218.53453125 743.3840975 57.77880625 760.3528 570.03990625 394.15631
578.38172275 34.592575 756.05806 192.70873125 733.6866 59.38300625 760.03722 524.96858125 394.2374
579.32637025 41.34046875 741.8299125 270.80736875 720.53981 94.45440625 746.080245 518.27025 397.46561
620.25512 42.18173125 738.3873625 312.65388125 721.3868075 101.42500625 744.2533375 552.222675 397.89278
623.6994525 55.26103125 720.561665 338.74488125 713.4305025 138.87435 720.77107 553.21449375 403.79813
649.530745 60.5521125 706.2003725 404.39935 703.934815 166.05369375 709.415305 570.09223125 406.33574
647.2286075 96.42025 658.9190175 428.192275 681.4394325 223.83885625 648.00408025 564.1428625 421.34516
658.5516675 188.58366875 553.80941 509.85250625 628.651935 340.48785625 522.52894525 563.99994375 457.37924
604.17059175 322.413225 430.3426875 518.56559375 512.13239 425.5159 401.64870775 492.89498125 505.19213
489.35248175 474.8536625 291.46571 479.09190625 376.93767 532.78483125 258.34183025 365.97679375 560.35031
366.35161175 590.140425 198.0562 397.9251875 258.786595 574.5557 178.729715 235.2347375 599.87861
247.18877425 654.43095 153.412945 295.73828125 169.8709225 576.50236875 151.28712 112.45046875 620.78153
170.6838975 660.10829375 150.17825 191.27710625 151.5066 547.58679375 150.058435 44.0213125 622.06844
164.95781 658.58713125 150.1250075 157.317125 151.060355 520.549475 150.04123 40.0621625 620.98742
159.7283425 656.46504375 150.07781 122.3859625 150.6676625 484.5048625 150.0254975 36.48594375 619.48589
156.6573275 654.3852875 150.0515375 98.1604625 150.4464 447.40495875 150.0168175 34.411225 617.95454
154.463225 652.4226125 150.0332475 79.2022375 150.29171 409.528801437 150.010695 32.93840625 616.42886
153.178275 651.15714375 150.0227075 67.13255 150.202895 378.079201437 150.00713 32.08105625 615.29642
152.4715525 651.1726625 150.0168175 60.2235375 150.153915 357.901308312 150.005115 31.6102125 614.94623
152.219135 653.196925 150.0140275 58.06773125 150.13392 355.885284563 150.0039525 31.43853125 615.85973
152.51565 657.733925 150.01364 62.57109375 150.1437625 381.928435625 150.0033325 31.61955625 618.39365
154.62334 664.243675 150.0169725 88.44531875 150.230485 444.561704375 150.0030225 32.9342625 622.25777
173.9083625 670.87391875 150.0278225 200.7688125 150.78492 526.16939125 150.002635 44.8474625 626.29538
259.5120725 676.07018125 150.0248775 355.066625 150.9479025 601.4154875 150.00186 92.52146875 629.51477
263.4710825 679.0430375 150.020925 500.31928125 150.9006275 656.09226875 150.0011625 93.3049625 631.38728
265.20778 679.93573125 150.0141825 626.86835 150.78275 678.03765 150.000465 92.76050625 631.95827
247.9586825 680.0 150.0002325 665.420825 150.198865 679.99415 150.0 81.147525 632.0
163.7910475 680.0 150.0 659.74868125 150.0030225 679.99553125 150.0 33.59360625 632.0
160.6420675 680.0 150.0 657.154775 150.0017825 679.9962625 150.0 32.652 632.0
157.70939 680.0 150.0 649.5294625 150.0013175 679.99488125 150.0 31.91425 632.0
156.294705 680.0 150.0 634.9428125 150.001395 679.9900875 150.0 31.60558125 632.0
155.248145 680.0 150.0 607.570175 150.0017825 679.9741625 150.0 31.41399375 632.0
154.53685 680.0 150.0 569.68646875 150.00279 679.93524375 150.0 31.3325 631.99997
154.4219175 679.9998375 150.0 524.903175 150.00589 679.8389625 150.0 31.46445 631.99982
155.5751175 679.99926875 150.0000775 486.52725625 150.017205 679.6332375 150.0 32.1292375 631.99931
161.5860175 679.996425 150.0017825 473.55016875 150.1082675 679.22723125 150.0000775 35.393375 631.997
203.39192 679.98155625 150.09672 499.9790875 152.1852675 678.7362375 150.0051925 64.08949375 631.98743
269.2900925 679.74576875 153.7702975 531.60946875 166.827885 676.63243125 151.046095 120.16840625 631.86737
295.594445 676.6364125 163.07487 504.031748125 179.1177575 656.9904875 158.434635 144.353525 630.35303
343.2554725 676.2499875 166.7605375 514.794204375 191.9295925 653.6633 159.54273 186.56615 630.15452
323.0493625 667.81420625 183.3658425 423.999766875 204.859305 612.8766125 176.6445 178.720975 626.14895
297.2772025 666.96140625 185.411765 389.661648125 203.48833 606.0321125 178.0141575 157.79706875 625.71623
290.10791 650.35699375 207.3133425 351.61130625 212.42966 558.27685625 207.4784175 154.05274375 618.24179
266.8741075 642.68878125 224.6680725 288.0976125 221.2128125 524.52771875 223.6605725 138.2355625 614.62865
271.3731375 600.30731875 279.4350595 267.7545625 247.9517075 466.30786875 293.6147075 146.5367125 597.287
266.8958075 483.88874375 402.7865395 188.26403125 319.209749 340.03821875 432.880425 155.3213 553.12991
352.63212 347.336825 525.6444995 195.1170625 446.4169315 257.9844125 550.6978625 258.2345 504.6143
471.629495 197.83690625 659.5641895 256.51809375 579.402669 166.41103125 688.3952125 387.6755 450.90659
592.4692 90.64881875 743.034805 335.5856375 692.135719 129.30115 756.3135 515.88223125 414.42122
707.41317 51.06723125 768.93887 445.241125 762.38888 142.974875 769.629085 631.8754625 401.9228
752.676425 50.49458125 769.85399 537.3251625 768.7613175 174.80529375 769.9520275 668.3157625 402.38639
755.69722 51.87371875 769.880185 558.6935875 768.9842075 197.8483625 769.960475 670.37293125 403.3475
761.66937 54.271975 769.934435 597.9246625 769.4346375 238.46239375 769.97861 674.4624875 405.04673
764.006305 56.199225 769.9540425 617.49535 769.6004875 273.419401875 769.9850425 676.0345125 406.48925
766.016655 58.0668375 769.9707825 635.204925 769.7416925 311.05751375 769.9906225 677.38220625 407.978
767.0870075 59.00714375 769.97954 645.46168125 769.81555 339.45029375 769.9935675 678.09558125 408.91244
767.64958 58.4620375 769.9844225 650.93630625 769.8549975 354.965043 769.9952725 678.47095625 408.93416
767.76614 55.70920625 769.986515 651.5118 769.86701 349.777466125 769.9962025 678.55448125 407.55401
767.1837275 50.44664375 769.98605 643.42645 769.8435275 312.9863855 769.996745 678.19259375 404.54108
763.4031225 43.68648125 769.98078 601.19846875 769.6961225 241.380793 769.9969775 675.84268125 400.48946
719.901985 37.367425 769.971015 460.7044625 768.7481425 159.86878125 769.9975975 648.348575 396.61982
694.0878975 32.78191875 769.97427 307.82405625 768.7724775 89.24303125 769.9983725 640.03889375 393.76589
687.6586525 30.515775 769.9786875 163.13275625 768.830525 43.72873125 769.99907 638.741575 392.33138
688.5223125 30.01389375 769.9872125 53.476375 769.008155 30.4719 769.9997675 640.563525 392.00912
730.204525 30.0 770.0 43.61286875 769.985895 30.003575 770.0 667.8165625 392.0
754.7362975 30.0 770.0 49.01696875 769.9971325 30.00349375 770.0 676.06555 392.0
760.684035 30.0 770.0 54.91620625 769.99845 30.0040625 770.0 677.6920125 392.0
762.773435 30.0 770.0 63.73638125 769.9986825 30.00593125 770.0 678.19616875 392.0
764.0511 30.0 770.0 81.9273625 769.998605 30.013 770.0 678.46234375 392.0
765.0070625 30.0 770.0 112.87069375 769.9980625 30.03436875 770.0 678.62435625 392.00003
765.5831975 30.00008125 770.0 153.50869375 769.9966675 30.0853125 770.0 678.65961875 392.00009
765.417115 30.00024375 770.0 198.012325 769.99225 30.20759375 770.0 678.419525 392.0003
763.50147 30.0011375 769.9997675 230.95229375 769.97272 30.46726875 770.0 677.3855375 392.00108
753.0818275 30.00585 769.994885 232.62523125 769.76564 30.9286875 769.999845 671.484675 392.00468
686.97456 30.03014375 769.62335 196.939825 764.095275 31.4119625 769.9726425 620.6086875 392.01902
648.97445 31.15496875 763.68592 197.20023125 752.18895 39.82645625 766.5920925 587.79969375 392.5763
602.0445575 31.81504375 758.40228 184.21144375 738.4151075 45.02093125 764.4014775 546.82629375 392.90762
584.989675 35.71553125 747.13936 235.03526875 724.8417575 67.9663375 755.201375 527.50731875 394.79543
611.688115 37.17786875 739.95697 284.7351625 715.92081 78.41728125 751.350245 543.490575 395.52116
627.6871375 48.14271875 722.790255 341.31685 709.142815 120.60520625 730.175075 554.17486875 400.60748
645.0868175 52.88430625 711.9172375 389.527025 703.8327475 143.99578125 720.3552825 566.23155625 402.87164
648.4481475 82.886925 671.2718975 426.25844375 685.551815 205.2676575 666.904695 565.42523125 415.77428
659.761365 147.7096375 591.383425 495.60791875 649.3989175 304.00826375 565.61173 568.1345125 442.088669
634.7421175 273.58693125 470.93432 518.91724375 558.241945 396.832895 440.1329525 531.05835 487.889879
533.2264175 426.121375 332.3360325 516.03020375 424.2832725 514.401645 297.2252775 414.00188125 543.294299
407.8126625 549.744225 229.28684 426.8020225 301.6661825 558.6402875 204.888445 280.8731875 586.010519
287.9618575 641.2786875 161.781085 340.34414125 197.847415 582.9850625 155.0769475 154.9880125 616.68251
184.3375375 660.29923125 150.357275 229.4724225 152.889975 559.40200625 150.1189625 54.1863375 622.37615
165.5895125 659.00849375 150.1301225 162.60203125 151.1044525 527.5017125 150.0428575 40.4858 621.28031
162.4820725 657.488875 150.103075 140.0935875 150.876215 501.60904375 150.033945 38.3737875 620.20862
157.4543375 655.109225 150.0582025 105.03104375 150.5025875 460.52628125 150.0189875 34.9463375 618.50051
155.287515 653.18888125 150.040145 86.47874375 150.3496025 424.93390625 150.01302 33.4909875 617.04038
153.598015 651.53715 150.026195 71.15661875 150.231725 389.388355625 150.00837 32.36071875 615.67574
152.6939 650.964825 150.018755 62.39405 150.1693375 364.18084375 150.00589 31.7584125 614.96354
152.26765 652.1054125 150.01488 58.331225 150.1386475 353.985244375 150.0044175 31.4729 615.31616
152.3041525 655.62491875 150.013485 59.60628125 150.13516 367.402300625 150.003565 31.4880125 617.18957
153.32661 661.521475 150.0149575 73.08354375 150.178095 415.54712625 150.0031 32.1263125 620.62607
160.5489125 668.3403 150.02263 140.7373475 150.434775 493.400738125 150.00279 36.5944125 624.74336
245.12789425 674.23425625 150.0251875 293.30006625 151.5937875 573.05249375 150.0020925 94.24275 628.3715
249.90669925 678.14741875 150.0217 441.75844125 151.5553475 637.75715 150.001395 95.31890625 630.81956
254.28854925 679.75633125 150.0165075 581.08220375 151.479475 673.136 150.0006975 95.8705125 631.84286
249.51191425 679.99878125 150.0056575 664.9005 151.19319 679.94206875 150.0000775 91.80906875 631.99916
166.573995 680.0 150.0 662.064225 150.0034875 679.99585625 150.0 34.349475 632.0
162.90437 680.0 150.0 659.48405 150.00217 679.99650625 150.0 33.25918125 632.0
158.5072525 680.0 150.0 652.946025 150.001395 679.9956125 150.0 32.105675 632.0
156.799385 680.0 150.0 642.1219 150.0013175 679.99276875 150.0 31.710475 632.0
155.629135 680.0 150.0 619.9346375 150.00155 679.98245 150.0 31.47866875 632.0
154.770745 680.0 150.0 585.9077875 150.0022475 679.95474375 150.0 31.34834375 631.99997
154.365575 679.99991875 150.0 542.85853125 150.004185 679.88714375 150.0 31.3736125 631.99988
154.87785 679.99959375 150.0000775 500.077725 150.01054 679.73471875 150.0 31.75410625 631.99958
157.997225 679.99813125 150.0005425 474.59585625 150.046655 679.4125625 150.0 33.41063125 631.99832
177.0647825 679.99025 150.0169725 485.270725 150.57846 678.91750625 150.00062 44.93561875 631.99271
259.4839555 679.94288125 151.2966525 525.9540625 162.65327 678.3160125 150.1471725 114.0269625 631.96682
283.946908 676.347975 160.7510325 493.289775 174.3611175 656.02775625 158.18927 136.46228125 630.21941
339.809373 676.1703625 162.842525 520.138025 185.2117375 654.23505625 158.6177675 183.6088125 630.12509
342.751428 669.148575 177.366335 443.94803125 198.624275 618.11805 173.02618 192.99765625 626.76827
303.4750325 668.427075 180.74735 404.18395625 199.111905 611.9034 174.6072575 161.0726625 626.39987
298.39731 655.20469375 198.588315 373.128825 206.80471 571.9245 198.247625 158.77288125 620.402
271.6361725 650.74991875 210.853155 310.935061875 214.29648 547.87035625 207.6996025 140.3713 618.25226
273.6635725 617.31855 254.941045 288.294586875 235.13871 492.8377 265.2201955 145.78125 604.20998
260.27692 534.40073125 353.09061 204.921524375 282.8880875 380.1004 384.2149355 143.6304 571.3769
304.8779375 402.98324375 475.864095 193.046268125 393.02326 295.06146875 505.5951255 203.664646188 524.30366
416.78507 249.62565625 616.4146075 220.33373125 528.87208 181.53653125 650.6844255 328.640877437 468.66842
540.9750225 132.290825 712.73649 304.6641625 648.6635975 139.8007625 733.7382925 460.570239937 428.37794
660.675865 58.48356875 764.8894175 402.559525 743.0379825 130.8044375 768.003755 584.680914938 404.11385
747.1220775 49.75991875 769.79788 509.88760625 768.30151 158.58080625 769.93366 664.4157625 401.81057
755.0906275 51.319025 769.8757675 552.0837375 768.9459225 187.6365375 769.95908 669.97805625 402.94421
759.635305 53.26991875 769.9163775 583.27114375 769.28483 220.93059375 769.972565 673.0796125 404.32682
763.1672125 55.4418125 769.94699 610.29554375 769.541355 259.398 769.9827175 675.471125 405.91295
765.3500775 57.3970125 769.9652025 629.1233625 769.69527 296.73699 769.9887625 676.93655 407.42519
766.72671 58.7655875 769.9765175 641.95493125 769.7906725 329.30355 769.9924825 677.85573125 408.61544
767.48094 58.9059875 769.982795 649.318375 769.84283 350.84901875 769.9946525 678.3581 409.06094
767.775905 57.10670625 769.985895 651.94965625 769.865305 355.0028925 769.9958925 678.55756875 408.29408
767.5516975 52.8138625 769.986515 648.3480875 769.859105 332.2076525 769.99659 678.42253125 405.9185
765.7926025 46.426475 769.983725 626.29854375 769.7858675 272.91236125 769.9969775 677.3244375 402.14516
750.8425425 39.72489375 769.9734175 525.21753125 769.3272225 191.7778175 769.9972875 668.1002875 398.07308
653.9452225 34.3463875 769.9758975 370.8184 768.940575 115.28008125 769.9980625 606.5394375 394.74539
651.5878275 31.14278125 769.979695 228.10919375 768.985525 57.92538125 769.99876 606.16975 392.73083
648.7524125 30.093925 769.9859725 97.4188125 769.09015 32.8042625 769.9994575 606.29495625 392.06084
661.5874975 30.00008125 769.99938 47.481425 769.578245 30.00934375 770.0 615.197925 392.00003
756.99984 30.0 770.0 52.94955 769.9971325 30.00576875 770.0 676.6213 392.0
758.4634275 30.0 770.0 52.06140625 769.9980625 30.00365625 770.0 677.10741875 392.0
762.1206525 30.0 770.0 59.5647625 769.9986825 30.004875 770.0 678.04585625 392.0
763.5872625 30.0 770.0 73.10873125 769.9986825 30.0091 770.0 678.37053125 392.0
764.6637375 30.0 770.0 99.2729375 769.998295 30.02348125 770.0 678.5717875 392.0
765.4140925 30.0 770.0 136.2061 769.997365 30.05923125 770.0 678.66644375 392.00003
765.6066025 30.00008125 770.0 180.7571 769.9946525 30.14795625 770.0 678.5633375 392.00015
764.637155 30.00056875 769.9999225 220.4722625 769.9848875 30.3391375 770.0 677.9828875 392.0006
759.55393 30.00300625 769.9986825 236.82049375 769.9134325 30.7255625 770.0 675.24728125 392.00258
724.7898325 30.0157625 769.9379225 214.08999375 768.4410875 31.222325 769.9969775 652.21745625 392.01101
650.34278225 30.1607125 766.911625 177.251975 753.21784 32.60195 769.3301675 588.7287875 392.0858
626.85113725 34.320225 756.4614475 213.226225 740.9828375 57.44275625 760.155795 566.79364375 394.10054
575.47677475 34.53594375 754.151095 194.02335625 730.0660325 59.54193125 759.64042 522.69098125 394.21436
588.78243975 42.55548125 738.32792 281.68918125 717.038825 99.10580625 743.443075 525.118975 398.0306
622.1404625 43.35425 736.150325 319.22196875 719.3851375 105.7570125 742.0373025 552.86999375 398.43737
626.5226225 58.20926875 716.452305 348.422975 710.93136 147.2257125 715.6628125 554.54309375 405.12491
652.0681725 64.84333125 699.9594525 415.32576875 701.292995 178.57895 701.492325 571.5489625 408.27761
648.01376 104.5535375 648.057005 435.92849375 676.0587625 235.807225 634.930799 563.803075 424.64198
655.47794 213.3368875 529.96855 517.68354375 611.206220775 359.68381875 499.293709 558.51703125 466.28231
579.9302425 349.42828125 406.53802 516.84813125 486.306523275 442.84043125 380.354149 465.29224375 514.69655
461.9800475 500.2277125 270.38602 461.6169 352.306078275 539.95546875 240.054039 336.41715 569.01941
340.5296425 610.50061875 183.23448 382.78969375 237.560275775 579.23375 167.8365475 207.39028125 606.66977
223.70312 657.9316875 151.5534875 274.90545625 160.5203925 570.11945 150.5549775 88.5858 621.80519
168.161195 659.711875 150.1538375 177.7727875 151.30324 539.09421875 150.0504525 42.26151875 621.76262
164.637425 658.2950375 150.1228375 153.79176875 151.040205 515.181775 150.0405325 39.85391875 620.77373
158.718595 655.95511875 150.0690525 115.027475 150.593495 475.63000625 150.0225525 35.80003125 619.12034
156.2185225 653.99569375 150.0479725 94.41329375 150.4154 440.28050375 150.0155775 34.11636875 617.66021
154.126565 652.08290625 150.030535 76.12651875 150.2682275 402.324656437 150.009765 32.71334375 616.1507
152.9945225 651.035025 150.0213125 65.34415625 150.1901075 372.945176437 150.006665 31.9586125 615.15401
152.386225 651.40300625 150.0160425 59.4055125 150.1476375 355.802360812 150.0048825 31.5530125 615.0197
152.2241725 653.915175 150.0137175 58.29084375 150.1330675 358.540063312 150.003875 31.440075 616.24667
152.70196 658.9505625 150.0138725 65.064575 150.1516675 391.735066875 150.0033325 31.735825 619.10753
155.8149025 665.65051875 150.018445 101.164275 150.2756675 460.709459375 150.0030225 33.67339375 623.10851
189.2945925 672.0825125 150.029295 234.1585 151.085 542.50590625 150.00248 54.56309375 627.04076
232.2497425 676.87155 150.02604 387.69556875 151.0782575 614.73276875 150.001705 70.6856125 630.01649
239.2318725 679.36235 150.0217775 533.502025 151.02455 663.3556125 150.0010075 72.20571875 631.59074
239.2416375 679.9754625 150.0138725 649.420425 150.8700925 679.2031 150.00031 70.8494125 631.98398
207.64636 680.0 150.0 666.96238125 150.031155 679.9962625 150.0 50.21898125 632.0
166.02421 680.0 150.0 661.31055 150.003255 679.996425 150.0 34.17755 632.0
159.6435575 680.0 150.0 655.731925 150.0016275 679.99601875 150.0 32.39191875 632.0
157.37645 680.0 150.0 647.40989375 150.0013175 679.9943125 150.0 31.8377125 632.0
156.05802 680.0 150.0 630.43449375 150.001395 679.9881375 150.0 31.55878125 632.0
155.0727625 680.0 150.0 600.60225625 150.00186 679.9686375 150.0 31.38718125 632.0
154.44943 679.99991875 150.0 560.83753125 150.0031 679.922 150.0 31.33550625 631.99994
154.5192575 679.99975625 150.0 516.11168125 150.0070525 679.808575 150.0 31.5380625 631.99976
156.1518725 679.999025 150.000155 481.17873125 150.0233275 679.56701875 150.0 32.4323 631.99907
164.8039725 679.99504375 150.003565 475.65876875 150.1797225 679.12176875 150.0000775 37.25408125 631.99595
222.966715 679.97456875 150.2426525 508.69501875 154.3234925 678.6403625 150.0157325 80.4001875 631.9835
268.9252225 679.28816875 155.337115 520.83328125 166.9417325 673.19848125 152.3850625 119.63621875 631.64084
307.724745 678.13571875 161.8595925 521.1297625 180.1395175 664.76083125 155.8863575 153.925425 631.06952
334.0706375 676.1560625 170.3478575 492.16925625 193.839115 651.5990625 161.2577275 180.22743125 630.09782
307.3548375 672.92085 181.3765725 424.196473125 204.920065 632.0298375 169.3488825 165.87835625 628.52711
289.2213875 667.5243875 192.8044125 372.182498125 210.00701 606.0061125 180.9503225 153.3110125 625.96445
275.64889 657.55704375 211.2746 321.241429375 218.64764 568.28734375 201.573925 144.8912375 621.35054
266.8930175 634.5671125 246.85671 271.669585625 235.012075 509.84730625 246.06497 141.4009 611.20877
263.2548575 572.8047625 321.6179375 222.16786875 269.58064 420.89805625 341.6989625 144.38350625 586.19726
280.0825875 443.211175 447.01348 180.9880125 357.8504275 309.74594375 476.9381675 173.88326875 538.40207
382.6166375 296.50845 576.7150775 194.25703125 488.6135425 208.7709625 607.7102725 291.3141375 485.60537
505.9485875 163.9599625 687.6040925 277.36895625 613.07521 152.11233125 712.83569 422.8704 439.2191
625.731735 71.06756875 756.51965 361.87480625 717.815375 126.116475 764.0764425 548.90986875 408.04349
731.7217425 49.72611875 769.5783225 472.73181875 766.634795 148.38068125 769.858795 652.7307125 401.58476
753.906505 50.8391625 769.865305 544.4540375 768.8566425 180.1313125 769.95567 669.1662875 402.617
756.9120325 52.29475625 769.8914225 566.173625 769.0775175 204.83366875 769.964195 671.20948125 403.64126
762.278675 54.6913875 769.93955 602.79746875 769.478425 245.89563125 769.980315 674.87385625 405.35249
764.4919975 56.61433125 769.957995 621.62325625 769.6348975 281.258613125 769.9864375 676.36105625 406.80539
766.2828675 58.3417875 769.9727975 637.70425625 769.76006 317.5470325 769.9913975 677.5599 408.21557
767.240225 59.0411875 769.9807025 646.95911875 769.8260125 343.8529875 769.9940325 678.19763125 409.00361
767.7096425 58.0995 769.984965 651.47694375 769.859415 355.89409125 769.9955825 678.5115 408.77789
767.725685 54.832275 769.9865925 650.8414875 769.86577 345.281484375 769.9963575 678.5301875 407.06858
766.8701625 49.1293375 769.9855075 639.3855625 769.83012 300.84685875 769.9968225 677.99645625 403.76099
761.0644825 42.3095375 769.97861 581.07008125 769.61653 224.6936225 769.997055 674.39935625 399.65318
689.92691475 36.26819375 769.9732625 430.74474375 768.44318 144.2535875 769.9977525 627.22975 395.94005
681.64208725 32.1305375 769.9766725 280.20490625 768.4790625 77.4738875 769.9985275 625.1167625 393.35588
676.78345725 30.316225 769.981555 138.874675 768.5481925 38.75021875 769.999225 624.374625 392.20367
680.01016975 30.0030875 769.99163 45.58058125 768.79162 30.12211875 769.9999225 627.5308625 392.00204
749.4525025 30.0 770.0 45.9612375 769.99535 30.00365625 770.0 674.49523125 392.0
756.5685525 30.0 770.0 50.04445625 769.997675 30.00349375 770.0 676.59570625 392.0
761.25583 30.0 770.0 56.33320625 769.998605 30.00430625 770.0 677.835825 392.0
763.06809 30.0 770.0 66.42819375 769.9986825 30.006825 770.0 678.2610875 392.0
764.2709675 30.0 770.0 87.28718125 769.99845 30.01600625 770.0 678.50345625 392.0
765.1619075 30.0 770.0 120.357475 769.99783 30.04151875 770.0 678.64434375 392.00003
765.627295 30.00008125 770.0 162.71301875 769.996125 30.1031875 770.0 678.64060625 392.00009
765.2356875 30.000325 770.0 206.18193125 769.990545 30.24496875 770.0 678.3101625 392.00036
762.569145 30.00154375 769.9996125 234.32481875 769.9611725 30.54665 770.0 676.892025 392.00144
746.9585525 30.00820625 769.988685 227.718625 769.57437 31.03415 769.9996125 667.6800625 392.0063
667.79071375 30.0450125 769.1066575 187.99476875 759.6773875 31.56690625 769.91413 602.71410625 392.02691
640.51954875 32.71090625 760.8760025 212.40168375 748.162205 49.086925 763.53123 578.21975 393.3299
583.96035875 32.95481875 757.99401 186.3720275 735.6965625 51.35615625 762.8241975 529.871125 393.45698
577.55537125 40.0693125 743.2924925 259.77205875 722.0370325 87.76753125 748.218315 518.1461 396.85604
612.849995 40.72979375 739.802745 297.82370875 719.6117475 93.563825 746.7462025 545.4946875 397.19423
620.6640875 54.14221875 721.6915375 336.711925 712.14594 136.8676375 722.7616575 549.89965625 403.31849
647.21055 58.00078125 711.3593925 394.47779875 706.88493 158.38531875 714.733045 569.04118125 405.18836
645.62056 89.42730625 669.972765 416.7229925 687.50125 211.49105 660.4832 564.2237875 418.44521
660.46646 163.69564 578.886705 500.5671425 644.190995 319.8562875 548.5441375 568.12175625 448.2213491
624.0427775 292.08648375 457.4024325 515.069455 541.4257625 404.9133375 426.8412375 517.8147625 494.3752091
515.9632925 446.02484625 315.7499475 500.6131625 405.2723675 523.53094375 280.6205925 395.5201875 550.3361891
390.6805125 565.143115 216.89273 412.8849375 284.0729075 564.82325 194.491045 262.5630125 591.2820491
270.802195 647.8134625 157.3928025 319.74619375 185.06379 580.9586875 153.0016525 137.5413625 618.73502
176.14633 660.30166875 150.2414125 210.29123125 152.0088775 554.5238375 150.07936 47.97891875 622.27343
164.92929 658.76311875 150.124155 158.5168625 151.0542325 523.7544625 150.040765 40.03169375 621.11324
161.08715 656.9965 150.09021 131.37310625 150.769885 493.50419375 150.029605 37.41528125 619.8605
157.002745 654.72735 150.054405 101.19328125 150.4706575 453.68486875 150.0177475 34.642625 618.21215
154.85026 652.7914875 150.0365025 82.6446375 150.318835 417.090331875 150.01178 33.19759375 616.72253
153.3739625 651.32516875 150.024335 69.01470625 150.2163025 383.5102675 150.00775 32.2113 615.47216
152.57207 651.03803125 150.01767 61.19748125 150.16089 360.72274625 150.005425 31.6771625 614.93504
152.2345575 652.61818125 150.0143375 58.09828125 150.1357025 354.51237 150.0041075 31.4499875 615.56567
152.39227 656.66085625 150.013485 60.86533125 150.13857 374.147513125 150.00341 31.5426125 617.77865
153.865855 662.90605625 150.01581 79.66560625 150.2003375 429.89948375 150.0030225 32.46285 621.45347
165.580445 669.6622375 150.0253425 169.4601 150.579855 510.27009875 150.0027125 39.68589375 625.55153
265.353635 675.215025 150.023715 323.74141875 151.273945 587.8971125 150.0019375 107.53175625 628.98116
267.333605 678.6506 150.019995 465.6662375 151.2310875 647.76154375 150.00124 107.81483125 631.13801
271.1397075 679.8682125 150.014105 599.7995875 151.137545 676.14200625 150.0005425 108.05500625 631.91474
261.6306125 679.9998375 150.0014725 661.1641375 150.7285775 679.9848875 150.0 101.17686875 631.99988
163.39169 680.0 150.0 656.092675 150.0028675 679.99374375 150.0 33.48521875 632.0
162.38171 680.0 150.0 658.60533125 150.0020925 679.996425 150.0 33.1227625 632.0
158.063255 680.0 150.0 651.29445625 150.0013175 679.9952875 150.0 31.99785625 632.0
156.534955 680.0 150.0 638.72329375 150.0013175 679.99155 150.0 31.65465625 632.0
155.42934 680.0 150.0 613.856 150.0016275 679.97855 150.0 31.44389375 632.0
154.6429475 680.0 150.0 577.80740625 150.00248 679.94564375 150.0 31.337375 631.99997
154.3751075 679.99991875 150.0 533.6325125 150.00496 679.86439375 150.0 31.4126125 631.99985
