770.0 679.98245 769.99411 30.000325 770.0 95.541775 308.46797 30.0 392.0
770.0 679.98245 769.99411 30.000325 770.0 95.541775 308.46797 30.0 392.0
770.0 679.98245 769.99411 30.000325 770.0 95.541775 308.46797 30.0 392.0
770.0 679.98245 769.99411 30.000325 770.0 95.541775 308.46797 30.0 392.0
770.0 679.98245 769.99411 30.000325 770.0 95.541775 308.46797 30.0 392.0
770.0 679.98245 769.99411 30.000325 770.0 95.5269875 308.46797 30.0 392.0
770.0 679.98245 769.99411 30.000325 770.0 95.5122 308.4384425 30.0 392.0
770.0 679.98245 769.99411 30.000325 770.0 95.468 308.379465 30.0 392.0
770.0 679.98245 769.99411 30.000325 770.0 95.3797625 308.202765 30.0 392.0
770.0 679.98236875 769.99411 30.000325 770.0 95.16030625 307.7327275 30.0 392.0
770.0 679.98220625 769.99411 30.000325 770.0 94.60935 306.6230825 30.0 392.0
770.0 679.98171875 769.993955 30.000325 770.0 93.27871875 303.86168 30.0 392.0
770.0 679.98025625 769.99349 30.000325 770.0 90.105825 297.123985 30.0 392.0
770.0 679.9751375 769.991785 30.000325 770.0 82.87400625 281.081175 30.0 392.0
770.0 679.93085625 769.9766725 30.00024375 770.0 69.5175625 249.2617675 30.0 392.0
770.0 676.19953125 768.59849 30.0001625 769.9999225 54.60306875 212.70215 30.0 392.0
770.0 582.69963125 711.4953275 30.00008125 769.9906225 41.48818125 180.0190825 30.0 392.0
769.832755 421.27050625 558.1060875 30.00024375 735.8462925 32.57749375 156.92695 30.00008125 392.00018
769.54523 259.49996875 404.146835 30.0004875 685.9838 30.120575 150.2772175 30.0001625 392.00048
768.8657875 101.05475 251.0021075 30.00065 604.960061 30.02795 150.04495 30.00024375 392.00114
751.03048 32.079025 153.133635 30.00073125 455.261216 30.0190125 150.02604 30.00065 392.01902
596.2084975 31.01781875 151.52613 30.0235625 334.4059335 30.01080625 150.014415 34.80731875 451.24019
441.4961 30.3378375 150.5024325 36.45125 229.2685035 30.0443625 150.0312325 187.4694875 511.23872
287.1755425 30.01941875 150.027125 50.93869375 155.29232 30.0689 150.04278 348.12259375 571.23791
150.01085 30.000975 150.000775 77.9867375 150.000465 30.09303125 150.05549 510.107225 631.22
150.0000775 30.00089375 150.0006975 137.04013125 150.0000775 30.1184625 150.0679675 667.7057375 631.99865
150.0 30.00024375 150.0002325 282.57773125 150.0 30.173225 150.0811425 677.54226875 631.99982
150.0 30.000975 150.0003875 430.589475 150.0 119.332303125 194.9314 679.38908125 631.99997
150.0 30.00495625 150.0016275 566.04126875 150.0 264.095265625 307.712035 679.90404375 632.0
150.0 30.0092625 150.0031 669.46471875 150.0 410.139703125 422.9936725 679.99878125 632.0
150.0 30.01356875 150.0045725 679.99910625 150.0 556.144896875 538.27903 680.0 632.0
150.0 30.01698125 150.005735 679.999675 150.0 613.0576375 608.766055 680.0 632.0
150.0 30.017225 150.00589 679.999675 150.0 614.3846125 611.3256475 680.0 632.0
150.0 30.017225 150.00589 679.999675 150.0 614.4288125 611.4141525 680.0 632.0
150.0 30.017225 150.00589 679.999675 150.0 614.44351875 611.47313 680.0 632.0
150.0 30.01730625 150.00589 679.999675 150.0 614.458225 611.50258 680.0 632.0
150.0 30.0173875 150.00589 679.999675 150.0 614.458225 611.53203 680.0 632.0
150.0 30.01746875 150.00589 679.999675 150.0 614.458225 611.53203 680.0 632.0
150.0 30.01755 150.00589 679.999675 150.0 614.458225 611.53203 680.0 632.0
150.0 30.01755 150.00589 679.999675 150.0 614.458225 611.53203 680.0 632.0
150.0 30.01755 150.00589 679.999675 150.0 614.458225 611.53203 680.0 632.0
150.0 30.01755 150.00589 679.999675 150.0 614.458225 611.53203 680.0 632.0
150.0 30.01755 150.00589 679.999675 150.0 614.458225 611.53203 680.0 632.0
150.0 30.01755 150.00589 679.999675 150.0 614.4730125 611.53203 680.0 632.0
150.0 30.01755 150.00589 679.999675 150.0 614.50250625 611.5615575 680.0 632.0
150.0 30.01755 150.00589 679.999675 150.0 614.5614125 611.649985 680.0 632.0
150.0 30.01755 150.00589 679.999675 150.0 614.6789 611.8855075 680.0 632.0
150.0 30.01763125 150.00589 679.999675 150.0 614.97099375 612.5016325 680.0 632.0
150.0 30.017875 150.0059675 679.999675 150.0 615.6777875 613.9860675 680.0 632.0
150.0 30.018525 150.0062 679.999675 150.0 617.39744375 617.6084175 680.0 632.0
150.0 30.02055625 150.0068975 679.999675 150.0 621.49699375 626.3775425 680.0 632.0
150.0 30.02900625 150.009765 679.999675 150.0 630.532725 646.8367675 680.0 632.0
150.0 30.1586 150.054405 679.99975625 150.0 645.06648125 681.9473675 680.0 632.0
150.0 44.0837125 155.5757375 679.9998375 150.00031 659.63411875 717.76159 680.0 632.0
150.0002325 190.9986625 282.2513475 679.99991875 150.165695 671.7974875 748.3647125 680.0 632.0
150.182125 352.46524375 435.70592 679.99975625 186.2654275 678.83170625 766.8943425 679.99991875 631.99982
150.504525 514.21611875 589.7353875 679.9995125 239.9890475 679.94125625 769.87879 679.9998375 631.99949
151.506135 662.5593625 738.875535 679.99935 335.3732575 679.9777375 769.96714 679.99975625 631.9985
231.79470125 678.13425625 767.19264 679.99926875 489.4522475 679.9826125 769.97613 679.9985375 631.85357
386.61265375 679.15426875 768.7334175 677.22198125 608.3524375 679.9718875 769.97551 540.0398875 571.85678
541.29025375 679.76884375 769.6575275 667.11301875 709.6288175 679.945725 769.9641175 381.41283125 511.85747
695.28864375 679.9952875 769.994265 647.640075 769.2442975 679.92240625 769.9531125 219.9261 451.85852
769.999845 679.99894375 769.99938 611.983025 769.9999225 679.8981125 769.9405575 57.71835625 392.00345
770.0 679.99943125 769.99969 526.7015625 770.0 679.886575 769.9386975 35.20966875 392.00042
770.0 679.99975625 769.9999225 374.72295 770.0 679.0508375 769.6429575 31.33680625 392.00006
770.0 679.99845625 769.999535 231.69638125 770.0 566.0912375 702.8232325 30.32361875 392.0
770.0 679.9943125 769.99814 104.85359375 770.0 420.418275 588.284355 30.03258125 392.0
770.0 679.99000625 769.9966675 30.41266875 770.0 274.3640875 473.004345 30.0 392.0
770.0 679.9857 769.995195 30.00056875 770.0 129.1319875 357.99543 30.0 392.0
770.0 679.98285625 769.9941875 30.000325 770.0 96.01781875 309.476245 30.0 392.0
770.0 679.982775 769.99411 30.000325 770.0 95.60068125 308.6743525 30.0 392.0
770.0 679.982775 769.99411 30.000325 770.0 95.5711875 308.5858475 30.0 392.0
770.0 679.98269375 769.99411 30.000325 770.0 95.55648125 308.52687 30.0 392.0
770.0 679.9826125 769.99411 30.000325 770.0 95.541775 308.49742 30.0 392.0
770.0 679.98253125 769.99411 30.000325 770.0 95.541775 308.46797 30.0 392.0
770.0 679.98245 769.99411 30.000325 770.0 95.541775 308.46797 30.0 392.0
770.0 679.98245 769.99411 30.000325 770.0 95.541775 308.46797 30.0 392.0
770.0 679.98245 769.99411 30.000325 770.0 95.541775 308.46797 30.0 392.0
770.0 679.98245 769.99411 30.000325 770.0 95.541775 308.46797 30.0 392.0
770.0 679.98245 769.99411 30.000325 770.0 95.541775 308.46797 30.0 392.0
770.0 679.98245 769.99411 30.000325 770.0 95.5269875 308.46797 30.0 392.0
770.0 679.98245 769.99411 30.000325 770.0 95.5122 308.4384425 30.0 392.0
770.0 679.98245 769.99411 30.000325 770.0 95.48270625 308.379465 30.0 392.0
770.0 679.98245 769.99411 30.000325 770.0 95.409175 308.2615875 30.0 392.0
770.0 679.98245 769.99411 30.000325 770.0 95.2626 307.938025 30.0 392.0
770.0 679.98236875 769.99411 30.000325 770.0 94.8838125 307.17651 30.0 392.0
770.0 679.98204375 769.9940325 30.000325 770.0 93.9522 305.2635775 30.0 392.0
770.0 679.98115 769.9937225 30.000325 770.0 91.7111625 300.5250725 30.0 392.0
770.0 679.97814375 769.992715 30.000325 770.0 86.44299375 289.116685 30.0 392.0
770.0 679.962625 769.987445 30.00024375 770.0 75.44743125 263.6510375 30.0 392.0
770.0 679.461475 769.8111325 30.0001625 770.0 60.42901875 227.066775 30.0 392.0
770.0 643.1653125 753.5835625 30.00008125 769.9988375 46.37845625 192.351735 30.0 392.0
769.98388 482.99629375 602.4873925 30.00008125 763.8050375 35.4279875 164.4750625 30.0 392.00003
769.78238 321.44854375 448.900915 30.000325 724.8916675 30.439725 151.12592 30.00008125 392.00024
769.4020875 159.9857 294.8762525 30.0004875 665.38616 30.039 150.0721525 30.0001625 392.00063
767.5726225 33.92120625 156.303385 30.00065 550.3295825 30.02055625 150.028985 30.000325 392.0024
619.2529675 31.5981875 152.4027325 30.0008125 401.573835 30.01519375 150.0206925 30.01048125 395.04965
464.454545 30.666575 150.9964175 36.14209375 285.4872825 30.0456625 150.0341775 182.1615875 455.04818
309.8348375 30.135525 150.1990975 49.8696875 189.99279 30.06914375 150.043865 342.58833125 515.04764
156.6643025 30.00154375 150.001395 74.0298625 150.05053 30.09238125 150.0552575 504.4351625 575.04584
150.0000775 30.00105625 150.0006975 120.7336625 150.0000775 30.11724375 150.0678125 666.76201875 631.99856
150.0 30.00040625 150.0002325 240.138175 150.0 30.12439375 150.0633175 677.1031125 631.99982
150.0 30.000325 150.000155 388.904 150.0 52.7342375 158.261655 679.1762875 631.99997
150.0 30.00268125 150.0008525 527.2435 150.0 184.183575 248.533655 679.82929375 632.0
150.0 30.00690625 150.0022475 643.039375 150.0 330.14018125 363.63805 679.99228125 632.0
150.0 30.0112125 150.00372 679.99325625 150.0 476.17958125 478.94193 680.0 632.0
150.0 30.01535625 150.005115 679.99959375 150.0 599.64090625 586.08041 680.0 632.0
150.0 30.017225 150.0058125 679.999675 150.0 614.28101875 611.1481725 680.0 632.0
150.0 30.017225 150.00589 679.999675 150.0 614.414025 611.3847025 680.0 632.0
150.0 30.017225 150.00589 679.999675 150.0 614.44351875 611.44368 680.0 632.0
150.0 30.01730625 150.00589 679.999675 150.0 614.458225 611.47313 680.0 632.0
150.0 30.0173875 150.00589 679.999675 150.0 614.458225 611.50258 680.0 632.0
150.0 30.01746875 150.00589 679.999675 150.0 614.458225 611.53203 680.0 632.0
150.0 30.01755 150.00589 679.999675 150.0 614.458225 611.53203 680.0 632.0
150.0 30.01755 150.00589 679.999675 150.0 614.458225 611.53203 680.0 632.0
150.0 30.01755 150.00589 679.999675 150.0 614.458225 611.53203 680.0 632.0
150.0 30.01755 150.00589 679.999675 150.0 614.458225 611.53203 680.0 632.0
150.0 30.01755 150.00589 679.999675 150.0 614.458225 611.53203 680.0 632.0
150.0 30.01755 150.00589 679.999675 150.0 614.4730125 611.53203 680.0 632.0
150.0 30.01755 150.00589 679.999675 150.0 614.4878 611.5615575 680.0 632.0
150.0 30.01755 150.00589 679.999675 150.0 614.532 611.620535 680.0 632.0
150.0 30.01755 150.00589 679.999675 150.0 614.6202375 611.797235 680.0 632.0
150.0 30.01755 150.00589 679.999675 150.0 614.81060625 612.20876 680.0 632.0
150.0 30.0177125 150.00589 679.999675 150.0 615.3186625 613.231605 680.0 632.0
150.0 30.0182 150.006045 679.999675 150.0 616.52628125 615.768025 680.0 632.0
150.0 30.0195 150.0064325 679.999675 150.0 619.44364375 621.93439 680.0 632.0
150.0 30.02396875 150.007905 679.999675 150.0 626.15830625 636.7284425 680.0 632.0
150.0 30.0570375 150.01922 679.99975625 150.0 638.9958875 667.1168125 680.0 632.0
150.0 32.35373125 150.8545925 679.9998375 150.0 653.994475 703.800275 680.0 632.0
150.0 107.758135 192.356075 679.99991875 150.0050375 667.36278125 737.049635 680.0 632.0
150.142755 269.136885 345.65526 679.99975625 180.863755 676.82011875 761.449425 679.99991875 631.99985
150.40951 430.87191625 499.54732 679.9995125 228.290035 679.838475 769.61653 679.9998375 631.99958
150.9891325 590.70399125 653.1626275 679.99935 303.38830225 679.9696125 769.9493925 679.99975625 631.99901
160.0690325 677.76034375 766.6108475 679.99926875 448.07824475 679.98041875 769.9731075 679.9995125 631.99031
314.874585 678.87265625 768.30864 679.99390625 572.21844225 679.9884625 769.9845775 679.1155125 576.74801
469.6077525 679.59935625 769.4033275 673.57531875 679.79208475 679.95515 769.9681475 526.48113125 516.74948
624.02813 679.96555 769.950865 659.2323375 759.6938175 679.93085625 769.957065 365.8691375 456.7502
769.94823 679.999025 769.999225 632.898075 769.9988375 679.90680625 769.94451 203.9148125 396.75893
769.9999225 679.99910625 769.9993025 577.20453125 769.9999225 679.88145625 769.9318775 42.40776875 392.00138
770.0 679.99975625 769.9997675 436.45028125 770.0 679.8457875 769.92591 32.5442625 392.00018
770.0 679.9991875 769.99969 288.2944 770.0 603.574096875 734.3934 30.6563375 392.00003
770.0 679.99536875 769.99845 152.128825 770.0 459.714634375 623.3545 30.11090625 392.0
770.0 679.9910625 769.9969775 45.32805625 770.0 313.669871875 508.1023125 30.00203125 392.0
770.0 679.98675625 769.995505 30.00121875 770.0 167.660453125 392.809825 30.0 392.0
770.0 679.98318125 769.994265 30.000325 770.0 97.8604875 313.00513 30.0 392.0
770.0 679.982775 769.99411 30.000325 770.0 95.630175 308.70388 30.0 392.0
770.0 679.982775 769.99411 30.000325 770.0 95.585975 308.5858475 30.0 392.0
770.0 679.982775 769.99411 30.000325 770.0 95.55648125 308.52687 30.0 392.0
770.0 679.98269375 769.99411 30.000325 770.0 95.541775 308.49742 30.0 392.0
770.0 679.9826125 769.99411 30.000325 770.0 95.541775 308.46797 30.0 392.0
770.0 679.98253125 769.99411 30.000325 770.0 95.541775 308.46797 30.0 392.0
770.0 679.98245 769.99411 30.000325 770.0 95.541775 308.46797 30.0 392.0
770.0 679.98245 769.99411 30.000325 770.0 95.541775 308.46797 30.0 392.0
770.0 679.98245 769.99411 30.000325 770.0 95.541775 308.46797 30.0 392.0
770.0 679.98245 769.99411 30.000325 770.0 95.541775 308.46797 30.0 392.0
770.0 679.98245 769.99411 30.000325 770.0 95.541775 308.46797 30.0 392.0
770.0 679.98245 769.99411 30.000325 770.0 95.5269875 308.46797 30.0 392.0
770.0 679.98245 769.99411 30.000325 770.0 95.5122 308.4384425 30.0 392.0
770.0 679.98245 769.99411 30.000325 770.0 95.468 308.350015 30.0 392.0
770.0 679.98245 769.99411 30.000325 770.0 95.3505125 308.1144925 30.0 392.0
770.0 679.98236875 769.99411 30.000325 770.0 95.087425 307.556725 30.0 392.0
770.0 679.982125 769.9940325 30.000325 770.0 94.42255625 306.21613 30.0 392.0
770.0 679.981475 769.9938775 30.000325 770.0 92.8350125 302.8982 30.0 392.0
770.0 679.9796875 769.9932575 30.000325 770.0 89.0659875 294.872765 30.0 392.0
770.0 679.9725375 769.990855 30.000325 770.0 80.6348375 275.9278125 30.0 392.0
770.0 679.883975 769.960475 30.00024375 770.0 66.410725 241.6734325 30.0 392.0
770.0 670.4233875 766.3135575 30.0001625 769.999845 51.7078875 205.584085 30.0 392.0
769.9999225 536.80605625 661.21201 30.00008125 769.9452075 39.21496875 174.2395975 30.0 392.0
769.8215175 375.35483125 507.78247 30.00024375 734.3689875 31.547325 154.1374925 30.00008125 392.00018
769.510975 213.583725 353.77044 30.0004875 681.9366725 30.0716625 150.1532175 30.0001625 392.00051
768.6373175 60.8048 202.7992 30.00065 591.500295 30.02380625 150.0358825 30.00024375 392.00138
716.41309 31.93480625 152.91183 30.00073125 438.06223 30.0180375 150.024645 30.00105625 392.06999
561.59196 30.89789375 151.3454775 30.704275 318.6385275 30.0154375 150.0166625 124.97141875 452.05583
406.90258 30.2627625 150.389825 37.71623125 216.07092 30.04745 150.0324725 279.2576125 512.05457
252.7762375 30.007475 150.0096875 53.3793625 151.5074525 30.071825 150.0442525 440.18371875 572.05358
150.0005425 30.00105625 150.000775 83.16910625 150.000155 30.09595625 150.0569625 602.26138125 631.98494
150.0000775 30.0008125 150.0005425 152.3742 150.0000775 30.1171625 150.06603 669.7287 631.99892
150.0 30.00024375 150.000155 304.78806875 150.0 30.28656875 150.1223725 677.94218125 631.99985
150.0 30.00138125 150.0005425 451.62436875 150.0 137.1331625 210.5681875 679.51599375 631.99997
150.0 30.005525 150.00186 584.3344625 150.0 282.655 324.80714 679.93751875 632.0
150.0 30.00983125 150.0033325 676.9255 150.0 428.71268125 440.08839 679.99975625 632.0
150.0 30.0141375 150.004805 679.99935 150.0 574.6051 555.3320525 680.0 632.0
150.0 30.01714375 150.0058125 679.999675 150.0 613.830975 610.2240625 680.0 632.0
150.0 30.017225 150.00589 679.999675 150.0 614.39931875 611.3256475 680.0 632.0
150.0 30.017225 150.00589 679.999675 150.0 614.4288125 611.4141525 680.0 632.0
150.0 30.01730625 150.00589 679.999675 150.0 614.44351875 611.47313 680.0 632.0
150.0 30.0173875 150.00589 679.999675 150.0 614.458225 611.50258 680.0 632.0
150.0 30.01746875 150.00589 679.999675 150.0 614.458225 611.53203 680.0 632.0
150.0 30.01755 150.00589 679.999675 150.0 614.458225 611.53203 680.0 632.0
150.0 30.01755 150.00589 679.999675 150.0 614.458225 611.53203 680.0 632.0
150.0 30.01755 150.00589 679.999675 150.0 614.458225 611.53203 680.0 632.0
150.0 30.01755 150.00589 679.999675 150.0 614.458225 611.53203 680.0 632.0
150.0 30.01755 150.00589 679.999675 150.0 614.458225 611.53203 680.0 632.0
150.0 30.01755 150.00589 679.999675 150.0 614.4730125 611.53203 680.0 632.0
150.0 30.01755 150.00589 679.999675 150.0 614.4878 611.53203 680.0 632.0
150.0 30.01755 150.00589 679.999675 150.0 614.51729375 611.5615575 680.0 632.0
150.0 30.01755 150.00589 679.999675 150.0 614.5762 611.679435 680.0 632.0
150.0 30.01755 150.00589 679.999675 150.0 614.70823125 611.973625 680.0 632.0
150.0 30.01763125 150.00589 679.999675 150.0 615.058175 612.7063875 680.0 632.0
150.0 30.01795625 150.0059675 679.999675 150.0 615.91983125 614.5060925 680.0 632.0
150.0 30.01876875 150.0062 679.999675 150.0 617.99446875 618.83842 680.0 632.0
150.0 30.02136875 150.0070525 679.999675 150.0 622.85078125 629.326185 680.0 632.0
150.0 30.0339625 150.011315 679.99975625 150.0 633.2082875 653.134495 680.0 632.0
150.0 30.34880625 150.1212875 679.9998375 150.0 648.12911875 689.4078275 680.0 632.0
150.0 57.9371625 161.9102775 679.99991875 150.000775 662.3564 724.5185825 680.0 632.0
150.00434 216.51205625 310.0178925 680.0 152.12536 673.734 753.34587 680.0 632.0
150.1984 378.03120625 463.557405 679.99975625 189.9989125 679.38891875 768.41032 679.99991875 631.99979
150.5562175 539.65094375 617.6037675 679.9995125 247.320625 679.9569375 769.9173075 679.9998375 631.99943
152.0101175 674.39366875 760.5708075 679.99935 355.353145 679.97944375 769.97055 679.999675 631.99802
288.7559225 678.31073125 767.45955 679.9991875 508.0978175 679.984075 769.978145 679.99520625 630.97523
443.561785 679.27386875 768.9138375 674.1114875 625.2241875 679.95523125 769.9658225 528.2989375 570.97676
598.2039675 679.83433125 769.7557975 660.695 722.902475 679.93175 769.95629 367.97440625 510.9773
751.7500675 679.99796875 769.997985 637.245925 769.86918 679.90859375 769.9452075 206.1703125 450.97874
769.9999225 679.99894375 769.9993025 593.09435 769.9999225 679.88389375 769.9326525 43.8593 392.00153
770.0 679.99959375 769.9997675 482.062975 770.0 679.8804 769.9382325 33.0668625 392.00021
770.0 679.99975625 769.999845 332.99563125 770.0 668.6952 766.022855 30.891475 392.00003
770.0 679.9978875 769.999225 193.9451125 770.0 544.32883125 685.59314575 30.19573125 392.0
770.0 679.9936625 769.99783 75.59693125 770.0 398.44640625 570.63708575 30.0112125 392.0
770.0 679.98935625 769.9963575 30.01633125 770.0 252.40196875 455.33126825 30.0 392.0
770.0 679.98513125 769.9949625 30.0004875 770.0 117.51624375 343.91006075 30.0 392.0
770.0 679.982775 769.9941875 30.000325 770.0 95.793325 309.000085 30.0 392.0
770.0 679.982775 769.99411 30.000325 770.0 95.585975 308.6152975 30.0 392.0
770.0 679.982775 769.99411 30.000325 770.0 95.55648125 308.55632 30.0 392.0
770.0 679.98269375 769.99411 30.000325 770.0 95.541775 308.52687 30.0 392.0
770.0 679.9826125 769.99411 30.000325 770.0 95.541775 308.49742 30.0 392.0
770.0 679.98253125 769.99411 30.000325 770.0 95.541775 308.46797 30.0 392.0
770.0 679.98245 769.99411 30.000325 770.0 95.541775 308.46797 30.0 392.0
770.0 679.98245 769.99411 30.000325 770.0 95.541775 308.46797 30.0 392.0
770.0 679.98245 769.99411 30.000325 770.0 95.541775 308.46797 30.0 392.0
770.0 679.98245 769.99411 30.000325 770.0 95.541775 308.46797 30.0 392.0
770.0 679.98245 769.99411 30.000325 770.0 95.541775 308.46797 30.0 392.0
770.0 679.98245 769.99411 30.000325 770.0 95.5269875 308.46797 30.0 392.0
770.0 679.98245 769.99411 30.000325 770.0 95.5122 308.4384425 30.0 392.0
770.0 679.98245 769.99411 30.000325 770.0 95.48270625 308.379465 30.0 392.0
770.0 679.98245 769.99411 30.000325 770.0 95.409175 308.2321375 30.0 392.0
770.0 679.98245 769.99411 30.000325 770.0 95.23335 307.8499075 30.0 392.0
770.0 679.9822875 769.99411 30.000325 770.0 94.768275 306.914095 30.0 392.0
770.0 679.98188125 769.9940325 30.000325 770.0 93.6423125 304.6035875 30.0 392.0
770.0 679.98074375 769.993645 30.000325 770.0 90.95789375 298.933455 30.0 392.0
770.0 679.97684375 769.9923275 30.000325 770.0 84.74974375 285.3268575 30.0 392.0
770.0 679.951575 769.983725 30.00024375 770.0 72.47969375 256.472755 30.0 392.0
770.0 678.55513125 769.4822225 30.0001625 770.0 57.44210625 219.7144275 30.0 392.0
770.0 618.35164375 738.96993 30.00008125 769.9969775 43.8285875 185.9450425 30.0 392.0
769.90204 457.10793125 585.91146 30.0001625 745.97376 33.8494625 160.32765 30.0 392.00009
769.6626425 295.4380625 432.12759 30.00040625 701.9315175 30.22108125 150.5399425 30.00008125 392.00033
769.1771825 134.7674875 278.271955 30.00056875 633.4960725 30.03306875 150.05673 30.0001625 392.00081
764.694195 32.53825 153.8761625 30.00065 498.025685 30.02015 150.0279775 30.000325 392.00507
610.0831675 31.2904125 151.9375775 30.00203125 367.0527 30.012675 150.0172825 30.15803125 429.11234
455.3226425 30.49083125 150.7319875 36.40485625 256.09502 30.0455 150.033015 182.75528125 489.1109
300.8081025 30.06280625 150.09083 50.60459375 169.530465 30.0693875 150.0434775 343.3242125 549.11027
150.29109 30.0011375 150.0008525 76.24026875 150.003875 30.09319375 150.0555675 505.24741875 609.10598
150.0000775 30.000975 150.0006975 128.86914375 150.0000775 30.1184625 150.0682 667.46531875 631.99862
150.0 30.00024375 150.0002325 263.76819375 150.0 30.14113125 150.0692075 677.3647375 631.99982
150.0 30.00056875 150.0002325 412.06675 150.0 89.98110625 175.59546 679.295725 631.99997
150.0 30.0040625 150.0013175 548.9309125 150.0 231.96694375 283.1886325 679.87235625 632.0
150.0 30.00836875 150.00279 658.8004125 150.0 377.9971625 398.4408975 679.99675 632.0
150.0 30.012675 150.0042625 679.9982125 150.0 524.01958125 513.738345 680.0 632.0
150.0 30.01649375 150.00558 679.999675 150.0 610.25118125 603.54922 680.0 632.0
150.0 30.017225 150.00589 679.999675 150.0 614.3550375 611.29612 680.0 632.0
150.0 30.017225 150.00589 679.999675 150.0 614.414025 611.4141525 680.0 632.0
150.0 30.017225 150.00589 679.999675 150.0 614.44351875 611.47313 680.0 632.0
150.0 30.01730625 150.00589 679.999675 150.0 614.458225 611.50258 680.0 632.0
150.0 30.0173875 150.00589 679.999675 150.0 614.458225 611.53203 680.0 632.0
150.0 30.01746875 150.00589 679.999675 150.0 614.458225 611.53203 680.0 632.0
150.0 30.01755 150.00589 679.999675 150.0 614.458225 611.53203 680.0 632.0
150.0 30.01755 150.00589 679.999675 150.0 614.458225 611.53203 680.0 632.0
150.0 30.01755 150.00589 679.999675 150.0 614.458225 611.53203 680.0 632.0
150.0 30.01755 150.00589 679.999675 150.0 614.458225 611.53203 680.0 632.0
150.0 30.01755 150.00589 679.999675 150.0 614.458225 611.53203 680.0 632.0
150.0 30.01755 150.00589 679.999675 150.0 614.4730125 611.53203 680.0 632.0
150.0 30.01755 150.00589 679.999675 150.0 614.4878 611.5615575 680.0 632.0
150.0 30.01755 150.00589 679.999675 150.0 614.532 611.649985 680.0 632.0
150.0 30.01755 150.00589 679.999675 150.0 614.6348625 611.856135 680.0 632.0
150.0 30.01763125 150.00589 679.999675 150.0 614.8688625 612.35539 680.0 632.0
150.0 30.01779375 150.0059675 679.999675 150.0 615.47685625 613.580665 680.0 632.0
150.0 30.0183625 150.0061225 679.999675 150.0 616.9296875 616.59247 680.0 632.0
150.0 30.0199875 150.006665 679.999675 150.0 620.39825 623.9665175 680.0 632.0
150.0 30.02608125 150.00868 679.999675 150.0 628.247975 641.490585 680.0 632.0
150.0 30.088725 150.03007 679.99975625 150.0 642.095575 674.6797275 680.0 632.0
150.0 36.2586875 152.356155 679.9998375 150.0000775 656.91598125 711.0318 680.0 632.0
150.0 151.5478875 232.759026 679.99991875 150.02139 669.722525 743.053715 680.0 632.0
150.1758475 312.9922875 386.176321 679.99975625 185.2425825 678.00068125 764.6352175 679.99991875 631.99982
150.476625 474.7711125 540.1696735 679.9995125 236.6047775 679.90965 769.799895 679.9998375 631.99952
151.254105 630.8132 692.420206 679.99935 322.7103 679.97440625 769.9602425 679.99975625 631.99874
183.776515 678.007425 767.00044 679.99926875 474.9437825 679.98155625 769.974735 679.9991875 631.96265
338.598575 679.0523 768.5795025 679.8708125 594.722435 679.98870625 769.98574 650.9562125 572.06048
493.29772 679.70563125 769.562745 673.4101375 698.3601625 679.9549875 769.96869 498.1928875 512.06195
647.52024 679.9884625 769.984345 658.71014375 767.2545625 679.93036875 769.95691 337.483475 452.06285
769.99783 679.99894375 769.9991475 630.77135625 769.9997675 679.90615625 769.9441225 175.465125 392.09897
769.9999225 679.99910625 769.9993025 567.7061625 769.9999225 679.881375 769.9323425 42.08845625 392.00132
770.0 679.99975625 769.9997675 418.1951125 770.0 679.79403125 769.9069225 32.3525125 392.00015
770.0 679.9988625 769.999535 270.39575625 770.0 580.5930625 716.6548125 30.56200625 392.00003
770.0 679.9948 769.9982175 135.83470625 770.0 435.34674375 602.9286775 30.080925 392.0
770.0 679.99049375 769.996745 36.52868125 770.0 289.30279375 487.6471175 30.00065 392.0
770.0 679.9861875 769.9952725 30.00073125 770.0 143.3301 372.3739275 30.0 392.0
770.0 679.9829375 769.9941875 30.000325 770.0 96.4590875 310.2886 30.0 392.0
770.0 679.982775 769.99411 30.000325 770.0 95.6153875 308.6743525 30.0 392.0
770.0 679.982775 769.99411 30.000325 770.0 95.5711875 308.5858475 30.0 392.0
770.0 679.98269375 769.99411 30.000325 770.0 95.55648125 308.52687 30.0 392.0
770.0 679.9826125 769.99411 30.000325 770.0 95.541775 308.49742 30.0 392.0
770.0 679.98253125 769.99411 30.000325 770.0 95.541775 308.46797 30.0 392.0
770.0 679.98245 769.99411 30.000325 770.0 95.541775 308.46797 30.0 392.0
770.0 679.98245 769.99411 30.000325 770.0 95.541775 308.46797 30.0 392.0
770.0 679.98245 769.99411 30.000325 770.0 95.541775 308.46797 30.0 392.0
770.0 679.98245 769.99411 30.000325 770.0 95.541775 308.46797 30.0 392.0
770.0 679.98245 769.99411 30.000325 770.0 95.541775 308.46797 30.0 392.0
770.0 679.98245 769.99411 30.000325 770.0 95.5269875 308.46797 30.0 392.0
770.0 679.98245 769.99411 30.000325 770.0 95.5122 308.46797 30.0 392.0
770.0 679.98245 769.99411 30.000325 770.0 95.48270625 308.4384425 30.0 392.0
770.0 679.98245 769.99411 30.000325 770.0 95.4238 308.320565 30.0 392.0
770.0 679.98245 769.99411 30.000325 770.0 95.30639375 308.05567 30.0 392.0
770.0 679.98236875 769.99411 30.000325 770.0 94.985375 307.3811875 30.0 392.0
770.0 679.982125 769.9940325 30.000325 770.0 94.20805625 305.7532225 30.0 392.0
770.0 679.98139375 769.9938 30.000325 770.0 92.316475 301.80297 30.0 392.0
770.0 679.9790375 769.993025 30.000325 770.0 87.83253125 292.188475 30.0 392.0
770.0 679.96871875 769.9895375 30.00024375 770.0 78.1164125 270.02084 30.0 392.0
770.0 679.766325 769.9193225 30.0001625 770.0 63.3360625 234.1878625 30.0 392.0
770.0 659.442775 761.5648225 30.00008125 769.999535 48.93149375 198.70906 30.0 392.0
769.9989925 504.36415 620.0623 30.0 769.3698475 37.1667375 168.9793625 30.0 392.0
769.8109775 342.8701875 466.5638625 30.00024375 732.376385 30.84166875 152.21619 30.00008125 392.00021
769.47145 181.1644875 312.5180425 30.0004875 676.8844475 30.04899375 150.09734 30.0001625 392.00057
768.2710525 39.1866125 166.1611525 30.00065 575.188095 30.02104375 150.0304575 30.00024375 392.00174
653.90004 31.77393125 152.66848 30.0008125 421.1319675 30.01665625 150.0227075 30.00251875 392.38274
499.0881325 30.78333125 151.1723425 35.13565 303.1255075 30.0411125 150.0321625 180.09548125 452.381
344.42766 30.1963 150.2900825 47.80845625 203.617445 30.065 150.04185 340.15180625 512.38043
190.6280575 30.002925 150.003255 70.15610625 150.3142625 30.088075 150.0527775 501.88375 572.3792
150.0000775 30.00105625 150.0006975 111.2891625 150.0000775 30.11253125 150.0653325 664.166325 631.9982
150.0 30.00040625 150.0002325 212.44126875 150.0 30.11578125 150.0606825 676.5563 631.99973
150.0 30.00024375 150.0000775 362.21605625 150.0 34.4380375 151.5638725 678.99989375 631.99994
150.0 30.0017875 150.0005425 502.368 150.0 152.53531875 224.21231825 679.76786875 632.0
150.0 30.0060125 150.0019375 623.7347 150.0 298.3282875 338.96013575 679.98301875 632.0
150.0 30.01031875 150.00341 679.94743125 150.0 444.37719375 454.23813075 680.0 632.0
150.0 30.01454375 150.0048825 679.9995125 150.0 586.12529375 568.07113825 680.0 632.0
150.0 30.017225 150.0058125 679.999675 150.0 614.11705625 610.762145 680.0 632.0
150.0 30.017225 150.00589 679.999675 150.0 614.414025 611.355175 680.0 632.0
150.0 30.017225 150.00589 679.999675 150.0 614.44351875 611.44368 680.0 632.0
150.0 30.01730625 150.00589 679.999675 150.0 614.458225 611.47313 680.0 632.0
150.0 30.0173875 150.00589 679.999675 150.0 614.458225 611.50258 680.0 632.0
150.0 30.01746875 150.00589 679.999675 150.0 614.458225 611.53203 680.0 632.0
150.0 30.01755 150.00589 679.999675 150.0 614.458225 611.53203 680.0 632.0
150.0 30.01755 150.00589 679.999675 150.0 614.458225 611.53203 680.0 632.0
150.0 30.01755 150.00589 679.999675 150.0 614.458225 611.53203 680.0 632.0
150.0 30.01755 150.00589 679.999675 150.0 614.458225 611.53203 680.0 632.0
150.0 30.01755 150.00589 679.999675 150.0 614.458225 611.53203 680.0 632.0
150.0 30.01755 150.00589 679.999675 150.0 614.4730125 611.53203 680.0 632.0
150.0 30.01755 150.00589 679.999675 150.0 614.4878 611.5615575 680.0 632.0
150.0 30.01755 150.00589 679.999675 150.0 614.51729375 611.620535 680.0 632.0
150.0 30.01755 150.00589 679.999675 150.0 614.590825 611.7678625 680.0 632.0
150.0 30.01755 150.00589 679.999675 150.0 614.752025 612.12072 680.0 632.0
150.0 30.01763125 150.00589 679.999675 150.0 615.1740375 612.9694225 680.0 632.0
150.0 30.01795625 150.0059675 679.999675 150.0 616.20306875 615.08153 680.0 632.0
150.0 30.0190125 150.0062775 679.999675 150.0 618.67371875 620.2468275 680.0 632.0
150.0 30.022425 150.00744 679.999675 150.0 624.41744375 632.751065 680.0 632.0
150.0 30.04225 150.0141825 679.99975625 150.0 636.0897375 660.0006075 680.0 632.0
150.0 30.89188125 150.316045 679.9998375 150.0 651.1411375 696.7360725 680.0 632.0
150.0 78.49414375 172.9118675 679.99991875 150.00186 664.9656625 731.003705 680.0 632.0
150.0493675 239.4274 325.41133 679.99991875 164.714305 675.4248125 757.7539925 680.0 631.99994
150.265515 401.0269875 479.0816625 679.999675 205.6729 679.693525 769.232595 679.99991875 631.99973
150.685875 562.18644375 633.0490525 679.9995125 268.77216 679.96416875 769.93645 679.9998375 631.99931
153.3150625 676.98083125 765.307685 679.99935 393.4272675 679.97944375 769.9712475 679.999675 631.99679
306.6900425 678.53953125 767.8052775 679.9988625 533.7002525 679.98594375 769.98078 679.96563125 619.81055
461.4738175 679.415 769.126265 673.67704375 647.74158 679.95409375 769.9661325 527.50878125 559.81196
616.0534575 679.9010375 769.8553075 659.6704375 739.64232 679.93045 769.956135 366.99778125 499.81253
768.42427 679.9988625 769.9989925 634.7182375 769.9853525 679.9068875 769.9444325 205.10845625 439.81508
769.9999225 679.999025 769.9993025 584.99770625 769.9999225 679.8818625 769.9318 42.7840375 392.00138
770.0 679.999675 769.9997675 457.01400625 770.0 679.86813125 769.9340475 32.745925 392.00018
770.0 679.9995125 769.9997675 308.5235375 770.0 638.7326375 753.8803875 30.75700625 392.00003
770.0 679.99650625 769.9988375 170.9760625 770.0 500.5003875 652.8636325 30.14649375 392.0
770.0 679.99228125 769.997365 58.19724375 770.0 354.4847125 537.6705 30.00495625 392.0
770.0 679.987975 769.9958925 30.0030875 770.0 208.45286875 422.3694875 30.0 392.0
770.0 679.98399375 769.994575 30.00040625 770.0 103.51703125 323.086175 30.0 392.0
770.0 679.982775 769.99411 30.000325 770.0 95.65975 308.7630125 30.0 392.0
770.0 679.982775 769.99411 30.000325 770.0 95.585975 308.5858475 30.0 392.0
770.0 679.982775 769.99411 30.000325 770.0 95.55648125 308.52687 30.0 392.0
770.0 679.98269375 769.99411 30.000325 770.0 95.541775 308.49742 30.0 392.0
770.0 679.9826125 769.99411 30.000325 770.0 95.541775 308.46797 30.0 392.0
770.0 679.98253125 769.99411 30.000325 770.0 95.541775 308.46797 30.0 392.0
770.0 679.98245 769.99411 30.000325 770.0 95.541775 308.46797 30.0 392.0
770.0 679.98245 769.99411 30.000325 770.0 95.541775 308.46797 30.0 392.0
770.0 679.98245 769.99411 30.000325 770.0 95.541775 308.46797 30.0 392.0
770.0 679.98245 769.99411 30.000325 770.0 95.541775 308.46797 30.0 392.0
770.0 679.98245 769.99411 30.000325 770.0 95.541775 308.46797 30.0 392.0
770.0 679.98245 769.99411 30.000325 770.0 95.5269875 308.46797 30.0 392.0
770.0 679.98245 769.99411 30.000325 770.0 95.5122 308.4384425 30.0 392.0
770.0 679.98245 769.99411 30.000325 770.0 95.468 308.379465 30.0 392.0
770.0 679.98245 769.99411 30.000325 770.0 95.3651375 308.202765 30.0 392.0
770.0 679.98236875 769.99411 30.000325 770.0 95.14568125 307.7327275 30.0 392.0
770.0 679.98220625 769.99411 30.000325 770.0 94.594725 306.594175 30.0 392.0
770.0 679.98171875 769.993955 30.000325 770.0 93.26409375 303.8047175 30.0 392.0
770.0 679.98025625 769.99349 30.000325 770.0 90.08169375 297.015485 30.0 392.0
770.0 679.97505625 769.9917075 30.000325 770.0 82.79941875 280.8549525 30.0 392.0
770.0 679.92955625 769.97613 30.00024375 770.0 69.3940625 248.9323925 30.0 392.0
770.0 676.03435 768.535095 30.0001625 769.9999225 54.47680625 212.3937 30.0 392.0
770.0 580.7542625 709.726545 30.00008125 769.99008 41.3858875 179.7617825 30.0 392.0
769.831515 419.3228625 556.333275 30.00024375 735.6857125 32.52565625 156.78745 30.00008125 392.00018
769.5426725 257.55078125 402.3703025 30.0004875 685.65396 30.11756875 150.2697 30.0001625 392.00048
768.85455 99.26586875 249.28308 30.00065 604.1276645 30.02770625 150.044485 30.00024375 392.00117
749.934165 32.06935625 153.1186 30.00073125 454.1169595 30.01893125 150.025885 30.00065 392.02025
595.11195 31.01050625 151.5152025 30.02705625 333.4217145 30.01080625 150.0141825 35.6485 451.36784
440.40087 30.3332875 150.49569 36.4556375 228.4535445 30.04444375 150.0310775 188.31066875 511.36637
286.0889925 30.01844375 150.02573 50.956325 154.9799175 30.06898125 150.0427025 348.9678375 571.36553
150.0093775 30.000975 150.000775 78.07205 150.000465 30.0931125 150.05549 510.95474375 631.34642
150.0000775 30.00089375 150.0006975 137.4607625 150.0000775 30.11854375 150.0679675 667.713375 631.99865
150.0 30.00024375 150.0002325 283.3942125 150.0 30.17558125 150.081995 677.5499875 631.99982
150.0 30.000975 150.0003875 431.3927125 150.0 120.339275 195.7334475 679.3927375 631.99997
150.0 30.00495625 150.0016275 566.776825 150.0 265.16520625 308.6368425 679.905425 632.0
150.0 30.0092625 150.0031 669.8614625 150.0 411.2095625 423.91848 679.9988625 632.0
150.0 30.01356875 150.0045725 679.99910625 150.0 557.21248125 539.202985 680.0 632.0
150.0 30.01698125 150.005735 679.999675 150.0 613.12060625 608.888815 680.0 632.0
150.0 30.017225 150.00589 679.999675 150.0 614.3846125 611.3256475 680.0 632.0
150.0 30.017225 150.00589 679.999675 150.0 614.4288125 611.4141525 680.0 632.0
150.0 30.017225 150.00589 679.999675 150.0 614.44351875 611.47313 680.0 632.0
150.0 30.01730625 150.00589 679.999675 150.0 614.458225 611.50258 680.0 632.0
150.0 30.0173875 150.00589 679.999675 150.0 614.458225 611.53203 680.0 632.0
150.0 30.01746875 150.00589 679.999675 150.0 614.458225 611.53203 680.0 632.0
150.0 30.01755 150.00589 679.999675 150.0 614.458225 611.53203 680.0 632.0
150.0 30.01755 150.00589 679.999675 150.0 614.458225 611.53203 680.0 632.0
150.0 30.01755 150.00589 679.999675 150.0 614.458225 611.53203 680.0 632.0
150.0 30.01755 150.00589 679.999675 150.0 614.458225 611.53203 680.0 632.0
150.0 30.01755 150.00589 679.999675 150.0 614.458225 611.53203 680.0 632.0
150.0 30.01755 150.00589 679.999675 150.0 614.4730125 611.53203 680.0 632.0
150.0 30.01755 150.00589 679.999675 150.0 614.50250625 611.5615575 680.0 632.0
150.0 30.01755 150.00589 679.999675 150.0 614.5614125 611.649985 680.0 632.0
150.0 30.01755 150.00589 679.999675 150.0 614.69360625 611.8855075 680.0 632.0
150.0 30.01763125 150.00589 679.999675 150.0 614.9857 612.5016325 680.0 632.0
150.0 30.017875 150.0059675 679.999675 150.0 615.70663125 613.9860675 680.0 632.0
150.0 30.018525 150.0062 679.999675 150.0 617.4396125 617.6360075 680.0 632.0
150.0 30.02055625 150.0068975 679.999675 150.0 621.558175 626.4787575 680.0 632.0
150.0 30.02916875 150.0098425 679.999675 150.0 630.6505375 647.0681825 680.0 632.0
150.0 30.16323125 150.05611 679.99975625 150.0 645.198025 682.25512 680.0 632.0
150.0 44.54058125 155.772045 679.9998375 150.00031 659.75323125 718.043845 680.0 632.0
150.0002325 192.33400625 284.0099775 679.99991875 150.1839075 671.8829625 748.5734975 680.0 632.0
150.1825125 353.8025375 437.4675725 679.99975625 186.3390525 678.86055 766.973005 679.99991875 631.99982
150.5061525 515.55105625 591.49859 679.9995125 240.20318 679.94223125 769.881115 679.9998375 631.99949
151.5221 663.444825 740.44832 679.99935 336.10013 679.9779 769.96745 679.99975625 631.9985
234.7464205 678.14140625 767.2034125 679.99926875 490.21167 679.98269375 769.976285 679.99845625 631.84214
389.5639855 679.15930625 768.7410125 676.9708375 609.0564475 679.970425 769.9746575 538.29415 571.84508
544.2403455 679.77176875 769.661945 666.54443125 710.19232 679.94466875 769.963575 379.429925 511.84574
698.224398 679.99545 769.9944975 646.72609375 769.29506 679.92135 769.95257 217.907525 451.84679
769.999845 679.99894375 769.9993025 610.48111875 769.9999225 679.89705625 769.940015 55.69019375 392.00315
770.0 679.99943125 769.99969 523.51875625 770.0 679.886575 769.93893 34.92505 392.00039
770.0 679.99975625 769.9999225 371.77690625 770.0 678.89524375 769.58863 31.28935625 392.00006
770.0 679.99845625 769.9994575 229.09573125 770.0 565.52338125 702.3503275 30.3118375 392.0
770.0 679.9943125 769.9980625 102.84086875 770.0 419.8353875 587.7816125 30.03046875 392.0
770.0 679.99000625 769.99659 30.3319875 770.0 273.7816875 472.5017575 30.0 392.0
770.0 679.9857 769.9951175 30.00056875 770.0 128.704775 357.5470925 30.0 392.0
770.0 679.98285625 769.9941875 30.000325 770.0 96.0027875 309.4464075 30.0 392.0
770.0 679.982775 769.99411 30.000325 770.0 95.60068125 308.6743525 30.0 392.0
770.0 679.982775 769.99411 30.000325 770.0 95.5711875 308.5858475 30.0 392.0
770.0 679.98269375 769.99411 30.000325 770.0 95.55648125 308.52687 30.0 392.0
770.0 679.9826125 769.99411 30.000325 770.0 95.541775 308.49742 30.0 392.0
770.0 679.98253125 769.99411 30.000325 770.0 95.541775 308.46797 30.0 392.0
770.0 679.98245 769.99411 30.000325 770.0 95.541775 308.46797 30.0 392.0
770.0 679.98245 769.99411 30.000325 770.0 95.541775 308.46797 30.0 392.0
770.0 679.98245 769.99411 30.000325 770.0 95.541775 308.46797 30.0 392.0
770.0 679.98245 769.99411 30.000325 770.0 95.541775 308.46797 30.0 392.0
770.0 679.98245 769.99411 30.000325 770.0 95.541775 308.46797 30.0 392.0
770.0 679.98245 769.99411 30.000325 770.0 95.5269875 308.46797 30.0 392.0
770.0 679.98245 769.99411 30.000325 770.0 95.5122 308.4384425 30.0 392.0
770.0 679.98245 769.99411 30.000325 770.0 95.48270625 308.379465 30.0 392.0
770.0 679.98245 769.99411 30.000325 770.0 95.409175 308.2615875 30.0 392.0
770.0 679.98245 769.99411 30.000325 770.0 95.2626 307.938025 30.0 392.0
770.0 679.98236875 769.99411 30.000325 770.0 94.8838125 307.1474475 30.0 392.0
770.0 679.98204375 769.9940325 30.000325 770.0 93.938225 305.2060725 30.0 392.0
770.0 679.98106875 769.9937225 30.000325 770.0 91.6715125 300.4405975 30.0 392.0
770.0 679.9780625 769.992715 30.000325 770.0 86.3727125 288.940915 30.0 392.0
770.0 679.96221875 769.9873675 30.00024375 770.0 75.31921875 263.3585525 30.0 392.0
770.0 679.4388875 769.80315 30.0001625 770.0 60.302025 226.7683225 30.0 392.0
770.0 642.26140625 753.10469 30.00008125 769.99876 46.2768125 192.0794 30.0 392.0
769.98202 481.9994375 601.8363925 30.00008125 763.2428525 35.35705625 164.2941 30.0 392.00003
769.7796675 320.44835625 448.24449 30.000325 724.1836275 30.426725 151.0906575 30.00008125 392.00024
769.39674 159.0043625 294.2227725 30.0004875 664.421285 30.03875625 150.0713 30.0001625 392.00063
767.51783 33.81818125 156.1162225 30.00065 548.598775 30.02055625 150.028985 30.000325 392.00243
618.491375 31.58803125 152.38762 30.00089375 400.40033 30.0151125 150.020615 30.01145625 395.42567
463.693805 30.660075 150.9868075 36.15948125 284.4596325 30.0456625 150.034255 182.2012375 455.4242
309.0767325 30.13235625 150.1944475 49.91218125 189.221975 30.06914375 150.0439425 342.63610625 515.42366
155.9556425 30.0014625 150.0013175 74.15474375 150.045725 30.0924625 150.0552575 504.4868375 575.42183
150.0000775 30.00105625 150.0006975 121.125125 150.0000775 30.117325 150.06789 666.81483125 631.99856
150.0 30.00040625 150.0002325 241.30565625 150.0 30.1249625 150.0634725 677.11749375 631.99982
150.0 30.00040625 150.000155 390.0468625 150.0 54.11296875 158.8071775 679.18254375 631.99997
150.0 30.0027625 150.00093 528.303975 150.0 186.20970625 250.0572275 679.83165 632.0
150.0 30.0069875 150.002325 643.8331875 150.0 332.1663125 365.161545 679.992525 632.0
150.0 30.01129375 150.0037975 679.99374375 150.0 478.20514375 480.46527 680.0 632.0
150.0 30.01535625 150.0051925 679.99959375 150.0 600.28830625 587.0583825 680.0 632.0
150.0 30.017225 150.0058125 679.999675 150.0 614.28101875 611.1481725 680.0 632.0
150.0 30.017225 150.00589 679.999675 150.0 614.414025 611.3847025 680.0 632.0
150.0 30.017225 150.00589 679.999675 150.0 614.44351875 611.44368 680.0 632.0
150.0 30.01730625 150.00589 679.999675 150.0 614.458225 611.47313 680.0 632.0
150.0 30.0173875 150.00589 679.999675 150.0 614.458225 611.50258 680.0 632.0
150.0 30.01746875 150.00589 679.999675 150.0 614.458225 611.53203 680.0 632.0
150.0 30.01755 150.00589 679.999675 150.0 614.458225 611.53203 680.0 632.0
150.0 30.01755 150.00589 679.999675 150.0 614.458225 611.53203 680.0 632.0
150.0 30.01755 150.00589 679.999675 150.0 614.458225 611.53203 680.0 632.0
150.0 30.01755 150.00589 679.999675 150.0 614.458225 611.53203 680.0 632.0
150.0 30.01755 150.00589 679.999675 150.0 614.458225 611.53203 680.0 632.0
150.0 30.01755 150.00589 679.999675 150.0 614.4730125 611.53203 680.0 632.0
150.0 30.01755 150.00589 679.999675 150.0 614.4878 611.5615575 680.0 632.0
150.0 30.01755 150.00589 679.999675 150.0 614.532 611.620535 680.0 632.0
150.0 30.01755 150.00589 679.999675 150.0 614.6202375 611.797235 680.0 632.0
150.0 30.01755 150.00589 679.999675 150.0 614.82515 612.2379775 680.0 632.0
150.0 30.0177125 150.00589 679.999675 150.0 615.33320625 613.2608225 680.0 632.0
150.0 30.0182 150.006045 679.999675 150.0 616.554475 615.825375 680.0 632.0
150.0 30.0195 150.0064325 679.999675 150.0 619.496375 622.043975 680.0 632.0
150.0 30.02405 150.0079825 679.999675 150.0 626.24101875 636.9319575 680.0 632.0
150.0 30.0580125 150.01953 679.99975625 150.0 639.130925 667.467965 680.0 632.0
150.0 32.4613875 150.894815 679.9998375 150.0 654.12016875 704.134455 680.0 632.0
150.0 109.40348 193.5922 679.99991875 150.00527 667.4641 737.332045 680.0 632.0
150.145855 270.78929875 346.904095 679.99975625 181.3113175 676.87683125 761.60861 679.99991875 631.99985
150.414935 432.5290425 500.80437 679.9995125 229.00133 679.84294375 769.628155 679.9998375 631.99958
151.003625 592.25947375 654.3872825 679.99935 304.68041325 679.969775 769.949935 679.99975625 631.99898
160.69159 677.779925 766.6423125 679.99926875 449.97811075 679.9805 769.973185 679.9995125 631.98968
315.501095 678.8850875 768.3273175 679.993175 573.67105575 679.988625 769.9847325 678.96918125 576.05021
470.2319375 679.60618125 769.4135575 673.5736125 680.98096575 679.95523125 769.968225 526.3348 516.05168
624.6432475 679.9673375 769.9535775 659.21755 760.3018825 679.9309375 769.957065 365.72020625 456.05243
769.9552825 679.999025 769.999225 632.81706875 769.998915 679.9068875 769.94451 203.7630375 396.06176
769.9999225 679.99910625 769.9993025 576.7943 769.9999225 679.8815375 769.9318775 42.4008625 392.00138
770.0 679.99975625 769.9997675 435.52159375 770.0 679.844325 769.9253675 32.537275 392.00018
770.0 679.9991875 769.99969 287.3787125 770.0 602.1546675 733.45286 30.65195 392.00003
770.0 679.99536875 769.99845 151.27935625 770.0 458.18007375 622.16255 30.1093625 392.0
770.0 679.9910625 769.9969775 44.80854375 770.0 312.13531125 506.9103625 30.00195 392.0
770.0 679.98675625 769.995505 30.0011375 770.0 166.12743625 391.6184175 30.0 392.0
770.0 679.98318125 769.994265 30.000325 770.0 97.7454375 312.75372 30.0 392.0
770.0 679.982775 769.99411 30.000325 770.0 95.630175 308.70388 30.0 392.0
770.0 679.982775 769.99411 30.000325 770.0 95.585975 308.5858475 30.0 392.0
770.0 679.982775 769.99411 30.000325 770.0 95.55648125 308.52687 30.0 392.0
770.0 679.98269375 769.99411 30.000325 770.0 95.541775 308.49742 30.0 392.0
770.0 679.9826125 769.99411 30.000325 770.0 95.541775 308.46797 30.0 392.0
770.0 679.98253125 769.99411 30.000325 770.0 95.541775 308.46797 30.0 392.0
770.0 679.98245 769.99411 30.000325 770.0 95.541775 308.46797 30.0 392.0
770.0 679.98245 769.99411 30.000325 770.0 95.541775 308.46797 30.0 392.0
770.0 679.98245 769.99411 30.000325 770.0 95.541775 308.46797 30.0 392.0
770.0 679.98245 769.99411 30.000325 770.0 95.541775 308.46797 30.0 392.0
770.0 679.98245 769.99411 30.000325 770.0 95.541775 308.46797 30.0 392.0
770.0 679.98245 769.99411 30.000325 770.0 95.5269875 308.46797 30.0 392.0
770.0 679.98245 769.99411 30.000325 770.0 95.5122 308.4384425 30.0 392.0
770.0 679.98245 769.99411 30.000325 770.0 95.468 308.350015 30.0 392.0
770.0 679.98245 769.99411 30.000325 770.0 95.3505125 308.1144925 30.0 392.0
770.0 679.98236875 769.99411 30.000325 770.0 95.087425 307.556725 30.0 392.0
770.0 679.982125 769.9940325 30.000325 770.0 94.42255625 306.1873 30.0 392.0
770.0 679.981475 769.9938775 30.000325 770.0 92.82160625 302.841625 30.0 392.0
770.0 679.97960625 769.9932575 30.000325 770.0 89.01796875 294.74117 30.0 392.0
770.0 679.972375 769.9907775 30.000325 770.0 80.52718125 275.6392025 30.0 392.0
770.0 679.8805625 769.959235 30.00024375 770.0 66.2639875 241.30709 30.0 392.0
770.0 670.06629375 766.1646025 30.0001625 769.999845 51.5733375 205.2423875 30.0 392.0
769.9999225 534.98329375 658.8236925 30.00008125 769.939705 39.11495 173.9726875 30.0 392.0
769.821285 373.53109375 505.3926025 30.00024375 734.33605 31.50694375 154.02752 30.00008125 392.00018
769.5098125 211.76153125 351.3791 30.0004875 681.799575 30.07028125 150.14973 30.0001625 392.00051
768.6264675 59.33385 200.5519325 30.00065 590.98678 30.0235625 150.035495 30.00024375 392.00138
714.37515 31.92928125 152.9035375 30.00073125 437.4756325 30.017875 150.02449 30.00105625 392.07407
559.5542525 30.893425 151.3388125 30.80868125 318.079365 30.0160875 150.01705 130.80655 452.06192
404.8658025 30.26 150.385795 37.96989375 215.6159175 30.047775 150.0326275 285.44244375 512.06072
250.7491475 30.00715 150.0093 53.84663125 151.4288675 30.07206875 150.04433 446.4132375 572.05973
150.0005425 30.00105625 150.000775 83.97851875 150.000155 30.0962 150.05704 608.500325 631.98701
150.0000775 30.0008125 150.0005425 154.1166875 150.0000775 30.11675625 150.06572 670.1347875 631.99898
150.0 30.00024375 150.000155 306.7154 150.0 30.30314375 150.1284175 677.99856875 631.99985
150.0 30.00138125 150.0005425 453.33809375 150.0 137.87928125 211.2763825 679.52769375 631.99997
150.0 30.005525 150.00186 585.70604375 150.0 283.41623125 325.545405 679.93979375 632.0
150.0 30.00983125 150.0033325 677.2596 150.0 429.47375 440.8265775 679.99975625 632.0
150.0 30.0141375 150.004805 679.99935 150.0 575.34959375 556.064195 680.0 632.0
150.0 30.01714375 150.0058125 679.999675 150.0 613.8460875 610.2541325 680.0 632.0
150.0 30.017225 150.00589 679.999675 150.0 614.39931875 611.3256475 680.0 632.0
150.0 30.017225 150.00589 679.999675 150.0 614.4288125 611.4141525 680.0 632.0
150.0 30.01730625 150.00589 679.999675 150.0 614.44351875 611.47313 680.0 632.0
150.0 30.0173875 150.00589 679.999675 150.0 614.458225 611.50258 680.0 632.0
150.0 30.01746875 150.00589 679.999675 150.0 614.458225 611.53203 680.0 632.0
150.0 30.01755 150.00589 679.999675 150.0 614.458225 611.53203 680.0 632.0
150.0 30.01755 150.00589 679.999675 150.0 614.458225 611.53203 680.0 632.0
150.0 30.01755 150.00589 679.999675 150.0 614.458225 611.53203 680.0 632.0
150.0 30.01755 150.00589 679.999675 150.0 614.458225 611.53203 680.0 632.0
150.0 30.01755 150.00589 679.999675 150.0 614.458225 611.53203 680.0 632.0
150.0 30.01755 150.00589 679.999675 150.0 614.4730125 611.53203 680.0 632.0
150.0 30.01755 150.00589 679.999675 150.0 614.4878 611.53203 680.0 632.0
150.0 30.01755 150.00589 679.999675 150.0 614.51729375 611.5615575 680.0 632.0
150.0 30.01755 150.00589 679.999675 150.0 614.5762 611.679435 680.0 632.0
150.0 30.01755 150.00589 679.999675 150.0 614.70823125 611.973625 680.0 632.0
150.0 30.01763125 150.00589 679.999675 150.0 615.058175 612.7063875 680.0 632.0
150.0 30.01795625 150.0059675 679.999675 150.0 615.91983125 614.5060925 680.0 632.0
150.0 30.01876875 150.0062 679.999675 150.0 618.00746875 618.8656225 680.0 632.0
150.0 30.02145 150.0070525 679.999675 150.0 622.90603125 629.4237575 680.0 632.0
150.0 30.0342875 150.0113925 679.99975625 150.0 633.32155 653.3811 680.0 632.0
150.0 30.36229375 150.126015 679.9998375 150.0 648.2596875 689.70132 680.0 632.0
150.0 58.6680875 162.2683275 679.99991875 150.000775 662.474375 724.7859575 680.0 632.0
150.00496 217.4426125 310.7530575 680.0 152.3593325 673.80964375 753.542875 680.0 632.0
150.1995625 378.9640375 464.29629 679.99975625 190.3188325 679.40655 768.45837 679.99991875 631.99979
150.5591625 540.5732125 618.3418775 679.9995125 247.821275 679.9572625 769.9185475 679.9998375 631.99943
152.0415825 674.6012625 760.95978 679.99935 356.4734075 679.9793625 769.970705 679.999675 631.99799
290.276705 678.31869375 767.471485 679.9991875 508.994725 679.984075 769.9783775 679.99488125 630.87113
445.082025 679.2793125 768.921975 674.0770375 626.0351475 679.95506875 769.9658225 528.22816875 570.87266
599.722425 679.837175 769.76006 660.62358125 723.532705 679.9315875 769.95629 367.889825 510.8732
753.240005 679.99805 769.9980625 637.09406875 769.8797975 679.90843125 769.9452075 206.0811 450.87467
769.9999225 679.99894375 769.9993025 592.717025 769.9999225 679.88373125 769.932575 43.76821875 392.00153
770.0 679.99959375 769.9997675 480.937175 770.0 679.87999375 769.938155 33.0459 392.00021
770.0 679.999675 769.999845 331.9055 770.0 667.919425 765.741995 30.884325 392.00003
770.0 679.99780625 769.999225 192.93541875 770.0 542.97276875 684.5387195 30.1932125 392.0
770.0 679.99358125 769.99783 74.81270625 770.0 397.09034375 569.5826595 30.0108875 392.0
770.0 679.989275 769.9963575 30.01503125 770.0 251.0463125 454.276997 30.0 392.0
770.0 679.98513125 769.9949625 30.0004875 770.0 116.93595625 343.1364945 30.0 392.0
770.0 679.982775 769.9941875 30.000325 770.0 95.793325 309.000085 30.0 392.0
770.0 679.982775 769.99411 30.000325 770.0 95.585975 308.6152975 30.0 392.0
770.0 679.982775 769.99411 30.000325 770.0 95.55648125 308.55632 30.0 392.0
770.0 679.98269375 769.99411 30.000325 770.0 95.541775 308.52687 30.0 392.0
770.0 679.9826125 769.99411 30.000325 770.0 95.541775 308.49742 30.0 392.0
770.0 679.98253125 769.99411 30.000325 770.0 95.541775 308.46797 30.0 392.0
770.0 679.98245 769.99411 30.000325 770.0 95.541775 308.46797 30.0 392.0
770.0 679.98245 769.99411 30.000325 770.0 95.541775 308.46797 30.0 392.0
770.0 679.98245 769.99411 30.000325 770.0 95.541775 308.46797 30.0 392.0
770.0 679.98245 769.99411 30.000325 770.0 95.541775 308.46797 30.0 392.0
770.0 679.98245 769.99411 30.000325 770.0 95.541775 308.46797 30.0 392.0
770.0 679.98245 769.99411 30.000325 770.0 95.5269875 308.46797 30.0 392.0
770.0 679.98245 769.99411 30.000325 770.0 95.5122 308.4384425 30.0 392.0
770.0 679.98245 769.99411 30.000325 770.0 95.48270625 308.379465 30.0 392.0
770.0 679.98245 769.99411 30.000325 770.0 95.39446875 308.2321375 30.0 392.0
770.0 679.98245 769.99411 30.000325 770.0 95.21864375 307.8499075 30.0 392.0
770.0 679.9822875 769.99411 30.000325 770.0 94.75356875 306.914095 30.0 392.0
770.0 679.98188125 769.993955 30.000325 770.0 93.61379375 304.5753 30.0 392.0
770.0 679.98074375 769.9935675 30.000325 770.0 90.9191375 298.87874 30.0 392.0
770.0 679.9767625 769.99225 30.000325 770.0 84.6641875 285.1653475 30.0 392.0
770.0 679.950925 769.983415 30.00024375 770.0 72.3382375 256.16539 30.0 392.0
770.0 678.4889125 769.4578875 30.0001625 770.0 57.30820625 219.418765 30.0 392.0
770.0 617.06765 738.128745 30.00008125 769.9969 43.7193875 185.6753425 30.0 392.0
769.897545 455.806875 585.03974 30.0001625 745.25456 33.78714375 160.1649 30.0 392.00009
769.655745 294.13066875 431.24564 30.00040625 700.92797 30.21458125 150.52297 30.00008125 392.00033
769.1632325 133.52021875 277.4058925 30.00056875 631.957 30.032825 150.056265 30.0001625 392.00081
764.42744 32.5059125 153.8226875 30.00065 495.583505 30.02015 150.0279 30.000325 392.00531
609.7802975 31.27521875 151.9146375 30.00219375 365.329255 30.012675 150.01705 30.1824875 431.43938
455.022175 30.48254375 150.71951 36.40696875 254.6559225 30.04558125 150.03286 182.7797375 491.43794
300.5146875 30.0599625 150.0865675 50.61970625 168.6268925 30.06946875 150.0434 343.35126875 551.43731
150.25048 30.0011375 150.0008525 76.32021875 150.0034875 30.093275 150.0555675 505.27748125 611.43278
150.0000775 30.000975 150.0006975 129.1982875 150.0000775 30.1184625 150.0682 667.47230625 631.99862
150.0 30.00024375 150.0002325 264.62424375 150.0 30.142025 150.069595 677.3718875 631.99982
150.0 30.00056875 150.0002325 412.90988125 150.0 91.46408125 176.4168825 679.300275 631.99997
150.0 30.0040625 150.0013175 549.70920625 150.0 233.66385 284.371205 679.8739 632.0
150.0 30.00836875 150.00279 659.32935 150.0 379.69406875 399.62347 679.9969125 632.0
150.0 30.012675 150.0042625 679.99829375 150.0 525.71559375 514.92053 680.0 632.0
150.0 30.01649375 150.00558 679.999675 150.0 610.4651125 603.91037 680.0 632.0
150.0 30.017225 150.00589 679.999675 150.0 614.3550375 611.29612 680.0 632.0
150.0 30.017225 150.00589 679.999675 150.0 614.414025 611.4141525 680.0 632.0
150.0 30.017225 150.00589 679.999675 150.0 614.44351875 611.47313 680.0 632.0
150.0 30.01730625 150.00589 679.999675 150.0 614.458225 611.50258 680.0 632.0
150.0 30.0173875 150.00589 679.999675 150.0 614.458225 611.53203 680.0 632.0
150.0 30.01746875 150.00589 679.999675 150.0 614.458225 611.53203 680.0 632.0
150.0 30.01755 150.00589 679.999675 150.0 614.458225 611.53203 680.0 632.0
150.0 30.01755 150.00589 679.999675 150.0 614.458225 611.53203 680.0 632.0
150.0 30.01755 150.00589 679.999675 150.0 614.458225 611.53203 680.0 632.0
150.0 30.01755 150.00589 679.999675 150.0 614.458225 611.53203 680.0 632.0
150.0 30.01755 150.00589 679.999675 150.0 614.458225 611.53203 680.0 632.0
150.0 30.01755 150.00589 679.999675 150.0 614.4730125 611.53203 680.0 632.0
150.0 30.01755 150.00589 679.999675 150.0 614.4878 611.5615575 680.0 632.0
150.0 30.01755 150.00589 679.999675 150.0 614.532 611.649985 680.0 632.0
150.0 30.01755 150.00589 679.999675 150.0 614.6348625 611.856135 680.0 632.0
150.0 30.01763125 150.00589 679.999675 150.0 614.88340625 612.384685 680.0 632.0
150.0 30.01779375 150.0059675 679.999675 150.0 615.4914 613.63879 680.0 632.0
150.0 30.0183625 150.0061225 679.999675 150.0 616.95771875 616.678495 680.0 632.0
150.0 30.0199875 150.006665 679.999675 150.0 620.461625 624.103305 680.0 632.0
150.0 30.0261625 150.0087575 679.999675 150.0 628.3501875 641.72789 680.0 632.0
150.0 30.090675 150.0307675 679.99975625 150.0 642.2393875 675.0013525 680.0 632.0
150.0 36.50820625 152.4548125 679.9998375 150.0000775 657.04809375 711.33002 680.0 632.0
150.0 153.55256875 234.983214 679.99991875 150.023095 669.81945625 743.3014825 680.0 632.0
150.1761575 314.9975375 388.4015165 679.99975625 185.2986925 678.04423125 764.7531725 679.99991875 631.99982
150.4779425 476.77644375 542.3972715 679.9995125 236.7639625 679.9116 769.8047 679.9998375 631.99952
151.263405 632.57348125 694.5536415 679.99935 323.252025 679.97465 769.96063 679.99975625 631.99874
185.2748225 678.01295 767.008965 679.99926875 475.625085 679.9816375 769.9748125 679.9991875 631.96055
340.096805 679.057175 768.5869425 679.84993125 595.3493325 679.98854375 769.9856625 646.757375 572.04266
494.7949425 679.70855625 769.5671625 673.38031875 698.883985 679.95490625 769.9686125 493.9665875 512.04413
649.00948 679.98886875 769.984965 658.6535125 767.395845 679.93020625 769.956755 333.2497 452.04503
769.9980625 679.99894375 769.9991475 630.6221 769.9997675 679.906075 769.9439675 171.227775 392.08325
769.9999225 679.99910625 769.9993025 567.11376875 769.9999225 679.88145625 769.9323425 42.0485625 392.00132
770.0 679.99975625 769.9997675 417.28876875 770.0 679.7898875 769.9053725 32.34008125 392.00015
770.0 679.99878125 769.999535 269.516225 770.0 579.81785625 715.9870725 30.55705 392.00003
770.0 679.99471875 769.9982175 135.0478 770.0 434.5406625 602.20041 30.07954375 392.0
770.0 679.9904125 769.996745 36.20579375 770.0 288.49679375 486.91885 30.00065 392.0
770.0 679.98610625 769.9952725 30.00073125 770.0 142.52824375 371.64721 30.0 392.0
770.0 679.9829375 769.9941875 30.000325 770.0 96.42829375 310.2280725 30.0 392.0
770.0 679.982775 769.99411 30.000325 770.0 95.6153875 308.6743525 30.0 392.0
770.0 679.982775 769.99411 30.000325 770.0 95.5711875 308.5858475 30.0 392.0
770.0 679.98269375 769.99411 30.000325 770.0 95.55648125 308.52687 30.0 392.0
770.0 679.9826125 769.99411 30.000325 770.0 95.541775 308.49742 30.0 392.0
770.0 679.98253125 769.99411 30.000325 770.0 95.541775 308.46797 30.0 392.0
770.0 679.98245 769.99411 30.000325 770.0 95.541775 308.46797 30.0 392.0
770.0 679.98245 769.99411 30.000325 770.0 95.541775 308.46797 30.0 392.0
770.0 679.98245 769.99411 30.000325 770.0 95.541775 308.46797 30.0 392.0
770.0 679.98245 769.99411 30.000325 770.0 95.541775 308.46797 30.0 392.0
770.0 679.98245 769.99411 30.000325 770.0 95.541775 308.46797 30.0 392.0
770.0 679.98245 769.99411 30.000325 770.0 95.5269875 308.46797 30.0 392.0
770.0 679.98245 769.99411 30.000325 770.0 95.5122 308.46797 30.0 392.0
770.0 679.98245 769.99411 30.000325 770.0 95.48270625 308.4384425 30.0 392.0
770.0 679.98245 769.99411 30.000325 770.0 95.4238 308.320565 30.0 392.0
770.0 679.98245 769.99411 30.000325 770.0 95.30639375 308.05567 30.0 392.0
770.0 679.98236875 769.99411 30.000325 770.0 94.985375 307.3811875 30.0 392.0
770.0 679.982125 769.9940325 30.000325 770.0 94.19391875 305.7245475 30.0 392.0
770.0 679.98139375 769.9938 30.000325 770.0 92.2760125 301.74686 30.0 392.0
770.0 679.9790375 769.993025 30.000325 770.0 87.759325 292.0363425 30.0 392.0
770.0 679.968475 769.98946 30.00024375 770.0 77.978775 269.7048725 30.0 392.0
770.0 679.7580375 769.916455 30.0001625 770.0 63.18973125 233.8381825 30.0 392.0
770.0 658.85850625 761.2971375 30.00008125 769.9994575 48.81091875 198.38542 30.0 392.0
769.9988375 503.35795 619.0032625 30.0 769.2976175 37.07890625 168.7516675 30.0 392.0
769.8103575 341.86179375 465.501105 30.00024375 732.2196025 30.81826875 152.15233 30.00008125 392.00021
769.4693575 180.1618625 311.4547425 30.0004875 676.549415 30.048425 150.0958675 30.0001625 392.00057
768.247105 38.7569625 165.3580975 30.00065 574.22539 30.0209625 150.03038 30.00024375 392.00177
651.0932225 31.76605 152.6566225 30.0008125 420.2157625 30.016575 150.0227075 30.00268125 392.42081
496.28178 30.7778875 151.1642825 35.25890625 302.293855 30.04168125 150.0326275 180.3903375 452.4191
341.62278 30.19313125 150.285355 48.0609 202.9640425 30.0654875 150.0422375 340.49354375 512.41856
187.8450325 30.0027625 150.0031 70.56316875 150.28861 30.0885625 150.0530875 502.23661875 572.4173
150.0000775 30.00105625 150.0006975 112.03511875 150.0000775 30.11301875 150.0656425 664.52285 631.99826
150.0 30.00040625 150.0002325 214.27101875 150.0 30.11610625 150.0606825 676.6188625 631.99976
150.0 30.00024375 150.0000775 363.92328125 150.0 34.939675 151.73755 679.015575 631.99994
150.0 30.00186875 150.0005425 503.92060625 150.0 153.5833625 225.0425835 679.77241875 632.0
150.0 30.00609375 150.0019375 624.9484125 150.0 299.37633125 339.8202385 679.98375 632.0
150.0 30.0104 150.00341 679.95409375 150.0 445.42475 455.127606 680.0 632.0
150.0 30.014625 150.0048825 679.9995125 150.0 586.67161875 568.7870135 680.0 632.0
150.0 30.017225 150.0058125 679.999675 150.0 614.11705625 610.82151 680.0 632.0
150.0 30.017225 150.00589 679.999675 150.0 614.414025 611.3847025 680.0 632.0
150.0 30.017225 150.00589 679.999675 150.0 614.44351875 611.44368 680.0 632.0
150.0 30.01730625 150.00589 679.999675 150.0 614.458225 611.47313 680.0 632.0
150.0 30.0173875 150.00589 679.999675 150.0 614.458225 611.50258 680.0 632.0
150.0 30.01746875 150.00589 679.999675 150.0 614.458225 611.53203 680.0 632.0
150.0 30.01755 150.00589 679.999675 150.0 614.458225 611.53203 680.0 632.0
150.0 30.01755 150.00589 679.999675 150.0 614.458225 611.53203 680.0 632.0
150.0 30.01755 150.00589 679.999675 150.0 614.458225 611.53203 680.0 632.0
150.0 30.01755 150.00589 679.999675 150.0 614.458225 611.53203 680.0 632.0
150.0 30.01755 150.00589 679.999675 150.0 614.458225 611.53203 680.0 632.0
150.0 30.01755 150.00589 679.999675 150.0 614.4730125 611.53203 680.0 632.0
150.0 30.01755 150.00589 679.999675 150.0 614.4878 611.5615575 680.0 632.0
150.0 30.01755 150.00589 679.999675 150.0 614.51729375 611.620535 680.0 632.0
150.0 30.01755 150.00589 679.999675 150.0 614.590825 611.7678625 680.0 632.0
150.0 30.01755 150.00589 679.999675 150.0 614.752025 612.12072 680.0 632.0
150.0 30.01763125 150.00589 679.999675 150.0 615.1740375 612.9694225 680.0 632.0
150.0 30.0180375 150.0059675 679.999675 150.0 616.2169625 615.109895 680.0 632.0
150.0 30.01909375 150.0062775 679.999675 150.0 618.7002875 620.32859 680.0 632.0
150.0 30.0225875 150.00744 679.999675 150.0 624.48309375 632.9433425 680.0 632.0
