0.0166666666667 480.452095 376.4417125 390.974625 282.6346875 434.46871 328.233325 417.9257925 310.88994375 495.71321 
0.0333333333333 561.494121632 461.405127517 355.944596583 245.909657708 417.854844479 310.81556276 377.189365566 268.182399384 479.944270542 
0.05 609.156487944 511.373737361 333.0169475 221.87260625 409.196102514 301.73784941 347.308102931 236.855269201 468.377330167 
0.0666666666667 623.018441917 525.906431042 322.34422875 210.683465625 408.592758771 301.105311615 328.418834396 217.052003802 461.06535525 
0.0833333333333 565.14276975 465.230323125 370.702068222 261.381200556 422.9189005 316.12465375 396.910037847 288.857297743 487.578079167 
0.1 512.094925208 409.615647396 414.098924306 306.877904514 438.931439323 332.911992839 440.51923941 334.576621962 504.459060417 
0.116666666667 464.52924725 359.748404375 451.958512167 346.569407917 456.597263688 351.432615156 457.721702792 352.611462604 511.1180785 
0.133333333333 420.889231149 313.996774592 513.924326594 411.533568203 482.492085844 378.580412578 490.944817417 387.442147292 523.978639 
0.15 364.893736 255.29182 557.908819861 457.646343403 500.930902528 397.911430069 526.870973167 425.106665417 537.885538 
0.166666666667 295.690899563 182.740459219 582.423848594 483.347583203 511.320510656 408.803761172 565.4585745 465.56140875 552.822674 
0.183333333333 307.481428368 195.101497483 592.996854444 494.432186111 509.836934722 407.248399306 583.630772778 484.612906944 559.857073333 
0.2 350.052607417 239.732572292 571.878496358 472.291971988 500.481017826 397.439776753 558.506026896 458.272447552 550.13136525 
0.216666666667 424.533954 317.817855 516.454036708 414.185683646 482.779050583 378.881262708 486.54065775 382.824883125 522.273803 
0.233333333333 450.114507951 344.636177691 463.295378361 358.454832153 462.562006194 357.685974236 459.595089087 354.575496623 511.843260292 
0.25 482.883756958 378.991035521 396.182406708 288.094458646 435.848777903 329.680170382 408.646218917 301.161358542 492.121117 
0.266666666667 525.107197812 423.257546094 313.382835938 201.288457031 401.935621146 294.126054427 329.531365625 218.218367188 461.4960125 
0.283333333333 592.081607 493.4726525 315.948559333 203.978328333 399.3408275 291.40570625 326.352694944 214.885889861 460.265559333 
0.3 620.065359313 522.810457344 343.937607049 233.321684809 412.703066747 305.41450546 359.788895174 249.939970747 473.208604583 
0.316666666667 602.369991625 504.258862188 397.944141875 289.941439062 443.221422437 337.409555781 432.440205625 326.106667187 501.3316925 
0.333333333333 530.664568243 429.083821545 414.085927878 306.864279227 443.90736525 338.128689375 442.383203535 336.530777899 505.180594917 
0.35 472.934930833 368.560814583 448.766532153 343.222977257 454.734576806 349.479798264 457.398878264 352.273017535 510.993114167 
0.366666666667 434.141299625 327.890072188 507.01292051 404.287739245 478.872141896 374.785310052 481.269006677 377.298152161 520.233163875 
0.383333333333 349.491825813 239.144656094 574.448323486 474.98614559 505.991089792 403.216465104 554.158765361 453.714834653 548.448554333 
0.4 303.199660038 190.612546814 607.585187931 509.726406701 516.473080934 414.205649366 594.609494681 496.122857326 564.106901167 
0.416666666667 305.757658083 193.294318958 598.802210667 500.518446667 506.703006083 403.962828958 593.180484667 494.624701667 563.553736 
0.433333333333 359.276384444 249.402661111 548.570956267 447.8566477 494.667021753 391.34445829 523.896776441 421.988555946 536.734236042 
0.45 410.16867025 302.757476875 505.369012576 402.564287378 480.772810021 376.77794599 478.013729292 373.885361354 518.9730565 
0.466666666667 454.479942375 349.212842812 473.578901906 369.235945547 464.725526656 359.954181172 465.540259938 360.808337031 514.14461675 
0.483333333333 478.370427347 374.259318993 409.396306972 301.947741181 440.803158722 334.874279306 425.726945944 319.068572361 498.733011333 
0.5 529.715922066 428.089273134 363.056975236 253.366183715 422.041382531 315.204675234 389.179981181 280.753206076 484.585799167 
0.516666666667 617.482534896 520.102657552 341.838785417 231.121307292 410.431784687 303.033322656 358.856054583 248.961992708 472.847505 
0.533333333333 615.728664257 518.263922205 329.526532424 218.213300122 412.884871521 305.60510724 338.887139038 228.026839314 465.117602208 
0.55 587.064806389 488.213103472 346.538260556 236.048176389 420.291416278 313.370033194 360.126215 250.2936125 473.33918 
0.566666666667 531.13331526 429.57524987 400.980469167 293.124685417 432.927554365 326.617597318 434.153120313 327.902464844 501.99475625 
0.583333333333 483.944032736 380.102614965 444.380456465 338.624672101 452.089852493 346.70710342 454.262658208 348.985044896 509.7790935 
0.6 435.369848785 329.178067274 494.479132691 391.147477821 474.070909688 369.751760156 480.420097726 376.40816697 519.904553958 
0.616666666667 384.08006225 275.406516875 554.623202625 454.201744688 499.17407225 396.069591875 519.993249875 417.896149063 535.2231935 
0.633333333333 322.155020896 210.485102552 569.019645465 469.294789601 505.873488924 403.093173872 543.654528059 442.702327804 544.382397958 
0.65 296.751703201 183.852592066 580.989985681 481.844339826 507.977695083 405.299196458 566.024807583 466.155040208 553.041861 
0.666666666667 322.615309865 210.967663568 594.731394646 496.250655677 505.831395875 403.049044062 588.397919625 489.610722188 561.7024205 
0.683333333333 392.768043889 284.514884722 537.669979028 436.428203819 487.852466667 384.200166667 521.029209167 418.982235417 535.62421 
0.7 444.544913188 338.797086406 478.701174528 374.606070069 468.255089674 363.654529497 466.426495687 361.737455156 514.48767575 
0.716666666667 464.942798875 360.181966563 425.878744333 319.227715833 448.355057958 342.791593021 440.978093875 335.057679062 504.6366815 
0.733333333333 515.060074347 412.724271493 355.672380395 245.624269769 419.660436142 312.708521762 375.172700684 266.068153943 479.163626071 
0.75 570.260107667 470.595274167 316.484260172 204.539950181 401.957248597 294.148728368 333.856020078 222.752279114 463.170072288 
0.766666666667 628.67483625 531.836521875 324.495068813 212.938378594 401.344778906 293.506623047 333.498415427 222.377371012 463.031644681 
0.783333333333 609.194455194 511.413541736 373.837098007 264.66792533 426.165741472 319.528599931 397.608119743 289.589157795 487.848304417 
0.8 562.729658062 462.700447969 412.735369715 305.448371476 443.938996014 338.16185066 442.583126087 336.740374123 505.257984292 
0.816666666667 488.246146 384.612895 429.806873167 323.345915417 447.360659333 341.749078333 449.297709833 343.779857083 507.857178 
0.833333333333 445.129808271 339.410282865 485.885816118 382.138355608 470.33804824 365.83827638 473.333299132 368.978458767 517.161277083 
0.85 385.989751806 277.408610764 543.083155003 442.103307665 493.657722569 390.286322049 511.945723715 409.459226476 532.108022083 
0.866666666667 297.163240042 184.284041979 595.373851789 496.924199456 514.185330771 411.807201615 569.79613874 470.10885513 554.501731125 
0.883333333333 299.344335889 186.570674722 594.213728746 495.707941427 514.140213931 411.759901701 576.842644653 477.496321007 557.229410833 
0.9 331.608368531 220.395870234 569.464233903 469.760890382 505.307271448 402.499558776 551.790660184 451.232143741 547.531868458 
0.916666666667 393.913380438 285.715640781 517.82539275 415.623395625 486.580052937 382.866184531 486.069862687 382.331307656 522.09155975 
0.933333333333 435.459624462 329.272186936 480.885780156 376.896382422 469.787500833 365.261089583 467.053571007 362.39487283 514.730414583 
0.95 470.393586139 365.896501597 431.519493397 325.141404368 449.036164556 343.505656389 438.759327 332.7315525 503.777804 
0.966666666667 498.95507049 395.839993255 359.235649293 249.359954904 421.543756646 314.682970677 386.076003062 277.499035469 483.38425925 
0.983333333333 574.331931769 474.864122016 357.420260284 247.456724491 418.281756458 311.263131771 390.542667986 282.18182934 485.113290833 
1.0 622.301288681 525.154576843 360.462173722 250.645827289 417.581915635 310.529427682 393.43293557 285.211948582 486.232104092 
1.01666666667 614.735779896 517.222995052 355.830260187 245.789788906 415.712024375 308.569057812 381.018666292 272.196988854 481.4265805 
1.03333333333 556.941000808 456.631694396 387.414438816 278.902234242 427.872688552 321.318141224 416.28618616 309.17100162 495.078523675 
1.05 499.78800766 396.713233837 428.860237792 322.353475104 444.931366076 339.202238628 449.459753938 343.949742031 507.91990475 
1.06666666667 455.883278469 350.684082266 478.212436063 374.093682969 466.875146094 362.207814453 467.546299969 362.911443516 514.921148375 
1.08333333333 392.782656256 284.530204139 538.614907767 437.418854917 491.879621556 388.422183889 515.040562 412.703815 533.306024 
1.1 335.244157247 224.20758421 575.141414005 475.712772747 507.222738628 404.507709852 543.195872187 442.221478906 544.20485375 
1.11666666667 292.417857304 179.309043948 567.284885444 467.476089578 504.977497646 402.153828177 530.020168875 428.408241562 539.1045815 
1.13333333333 336.85981051 225.901414245 552.672075972 452.156208681 499.725063128 396.647243602 513.997709622 411.610502023 532.902339208 
1.15 391.489590111 283.174570278 530.382405167 428.788005417 490.370039958 386.839558021 496.137370375 392.885952812 525.9886595 
1.16666666667 439.411437833 333.415217083 496.31756175 393.074863125 474.550131906 370.254170547 475.808625344 371.573558828 518.119467875 
1.18333333333 461.616630625 356.694854688 442.513426354 336.667301823 454.017152847 348.727660243 447.832167396 342.243401302 507.28987125 
1.2 497.818101465 394.648009601 389.767314834 281.3689591 433.236691208 326.941692396 414.115703605 306.895495714 494.238336879 
1.21666666667 567.6320155 467.84001625 345.055527025 234.493697687 413.4572045 306.20513375 372.231103525 262.984221437 478.0249433 
1.23333333333 619.69506654 522.422247179 348.174891358 237.763999004 413.094579847 305.824962743 372.582795888 263.352931173 478.161082279 
1.25 625.631263266 528.64567923 361.957425558 252.213430021 417.59419734 310.542303663 387.422887618 278.911091858 483.905633917 
1.26666666667 550.514314003 449.894038874 379.891243438 271.015013281 424.785083385 318.081135807 415.493117552 308.339558724 494.771529375 
1.28333333333 500.311717569 397.262284549 415.850106556 308.713821389 440.704240736 334.770574965 439.075102472 333.062607431 503.900039667 
1.3 456.522124962 351.353840686 463.008951385 358.154545807 461.138430222 356.193515556 464.122128878 359.321586727 513.595662792 
1.31666666667 416.198479604 309.079051198 525.393467313 423.557667344 487.184401167 383.499775417 493.624668604 390.251668698 525.01600075 
1.33333333333 351.217678135 240.954017399 560.253038591 460.103992071 501.622710045 398.636712144 530.029836171 428.418376631 539.108323679 
1.35 302.351261833 189.723097083 580.472108722 481.301404306 510.289508889 407.722872222 558.798447528 458.579017569 550.244560333 
1.36666666667 295.1752351 182.19984325 582.176175838 483.087926281 511.950947 409.4647025 569.664754959 469.97111407 554.450872888 
1.38333333333 363.322518437 253.644575781 553.523416486 453.04874309 499.098356042 395.990211979 529.524326674 427.888406997 538.912642583 
1.4 428.536374441 322.013940946 511.839046365 409.347387318 481.282881653 377.312698507 486.046676625 382.306999688 522.0825845 
1.41666666667 456.293537958 351.114193021 456.098529875 350.909749063 459.346990167 354.315392917 457.0150255 351.87059125 510.844526 
1.43333333333 490.398756076 386.869663628 380.248066892 271.389102387 429.250401424 322.762517622 394.597730517 286.433104575 486.682992458 
1.45 536.769193944 435.483832361 324.432089729 212.872352135 405.967330882 298.352846892 343.551253317 232.916636542 466.9230658 
1.46666666667 606.175069833 508.248057083 319.921860656 208.143886172 400.725891677 292.857789661 331.484832175 220.266356313 462.2521931 
1.48333333333 617.237716917 519.845993542 359.185582861 249.307465903 417.149485333 310.076073333 383.679165944 274.986222361 482.456451333 
1.5 591.231944038 492.581876814 397.414720753 289.38640079 433.491630257 327.208967205 432.315568618 325.975999358 501.283445917 
1.51666666667 512.833503438 410.389963281 412.293470312 304.985089844 439.212310625 333.206454687 442.243878125 336.384710937 505.1266625 
1.53333333333 467.341394059 362.696622804 460.310351872 355.325368898 459.314939611 354.281791528 461.834461382 356.923225642 512.710114083 
1.55 416.0658855 308.94004125 519.7115645 417.60083375 483.958617375 380.117905312 498.170384819 395.017338924 526.775632833 
1.56666666667 334.828862625 223.772194688 587.42671675 488.592525625 511.316507781 408.799564609 566.957397698 467.132755651 553.402863625 
1.58333333333 306.097609035 193.650719149 601.236617847 503.070647743 515.26852825 412.942811875 587.593891354 488.767789323 561.39118375 
1.6 312.886925816 200.768551259 586.445679878 487.564019227 509.280469653 406.665008507 572.730202951 473.184890191 555.637497917 
1.61666666667 372.356603667 263.115794167 535.690302667 434.352736667 493.385646333 390.001080833 502.816058167 399.887802917 528.573958 
1.63333333333 421.065509528 314.181582569 501.979606372 399.010877648 478.185352288 374.065288689 478.055056059 373.928687804 518.989053958 
1.65 459.107331535 354.064137899 462.818151014 357.95451316 460.829736958 355.869885521 458.093673729 353.001432135 511.26206725 
1.66666666667 478.234751219 374.117077891 400.581557938 292.706472031 437.945881188 331.878746406 422.663186344 315.856566328 497.547039875 
1.68333333333 547.525992014 446.76112066 361.234282014 251.45529566 420.467286597 313.554413368 383.338959028 274.629553819 482.324758333 
1.7 608.770407701 510.968975816 334.490579215 223.417542726 409.301489382 301.848335642 349.42434075 239.073905625 469.196519 
1.71666666667 618.364614708 521.027418646 323.989345792 212.408185104 410.132517792 302.719575104 331.223179 219.9920425 462.150908 
1.73333333333 575.302231618 475.881371858 361.444824111 251.676025278 421.12859851 314.247724245 383.06813291 274.345623212 482.219922417 
1.75 520.750999667 418.690564167 408.431865972 300.936633681 436.062221944 329.903942361 438.500851583 332.460570208 503.677749 
1.76666666667 473.155005 368.7915375 446.734294323 341.092405339 453.990327083 348.699536458 455.185404531 349.952440234 510.136285625 
1.78333333333 427.890128958 321.336425521 503.514901715 400.620461476 478.115827792 373.992400104 485.671004201 381.913149566 521.937162917 
1.8 376.636928451 267.603231441 554.7397975 454.32398125 499.56792542 396.482502457 520.99383526 418.94514987 535.610516875 
1.81666666667 308.10250325 195.752624375 578.015605 478.7260375 509.538771125 406.935808437 558.820889375 458.602545312 550.2532475 
1.83333333333 304.909292385 192.404903307 591.049093122 492.390178273 509.586330399 406.985668967 580.654445233 481.49256355 558.704946542 
1.85 336.597084757 225.625975955 582.831390417 483.774844792 502.766664618 399.836019358 573.300202535 473.782470399 555.858142917 
1.86666666667 410.862450573 303.484827214 525.566840625 423.739429688 485.266241615 381.488801693 500.08695024 397.02664138 527.517529125 
1.88333333333 446.163158611 340.493634028 471.692090889 367.257837222 465.777895389 361.057470972 463.508152889 358.677902222 513.357994667 
1.9 475.107651083 370.838666458 411.051232715 303.682743976 442.055628903 336.187352882 423.666253559 316.908169054 497.935323958 
1.91666666667 519.009957 416.8652775 328.823142208 217.475874896 408.260336083 300.756803958 344.153209896 233.547720052 467.15608125 
1.93333333333 580.379754878 481.204581727 314.405964566 202.361091884 399.401692448 291.469516276 325.822217778 214.329744444 460.060213333 
1.95 624.700895444 527.670293611 333.538945306 222.419862014 406.764230014 299.18830566 345.298691111 234.748627778 467.599493333 
1.96666666667 604.5945245 506.59103375 388.088499812 279.608911094 438.268909906 332.217405547 418.307305625 311.289917187 495.8608925 
1.98333333333 544.078978444 443.147316111 412.587564514 305.29341441 445.164211382 339.446350642 441.598329819 335.707926424 504.876772833 
2.0 479.244922278 375.176128194 438.463019743 332.420907795 450.508948615 345.049704193 453.121217111 347.788372778 509.337245333 
2.01666666667 440.275371667 334.320954167 497.146783333 393.944208333 474.79897375 370.515053125 477.368809167 373.209235417 518.72341 
2.03333333333 364.457006493 254.83395842 561.868261278 461.797370694 500.940122552 397.921096224 539.406505059 438.248755304 542.738001958 
2.05 299.641137208 186.881837396 609.7251175 511.96988125 518.534264583 416.366567708 595.117021083 496.654941458 564.303363 
2.06666666667 306.167582062 193.724077969 599.81341 501.578575 508.087374375 405.414182813 592.825944125 494.253005938 563.4164945 
2.08333333333 349.464407819 239.115911424 558.312570319 458.069630174 496.535696264 393.303552535 538.11225775 436.891883125 542.237003 
2.1 402.484449774 294.70143928 510.682158872 408.134521398 483.567504583 379.707867708 479.759410226 375.71551072 519.648803958 
2.11666666667 446.068481812 340.394376094 478.196207563 374.076669219 467.323936 362.67832 467.217212688 362.566432656 514.79375975 
2.13333333333 474.936344653 370.659071007 420.257636181 313.334618576 444.773247778 339.036469444 432.260711427 325.918487786 501.262210875 
2.15 513.840965333 411.446173333 364.924494889 255.324067222 423.435649833 316.666407083 393.394147444 285.171283611 486.217089333 
2.16666666667 602.846180687 504.758092656 347.898621177 237.474360911 413.450006688 306.197587656 367.931309104 258.476372448 476.36050675 
2.18333333333 618.436528681 521.102812326 333.721173854 222.610908073 412.702046007 305.41343533 345.433082569 234.889522049 467.651515833 
2.2 596.841637517 498.463007075 336.04807691 225.050403212 417.716950774 310.67099678 345.724438222 235.194975556 467.764298667 
2.21666666667 540.871992708 439.785153646 390.835215417 282.488532292 430.736481792 324.320505104 419.665858667 312.714206667 496.386784 
2.23333333333 492.051420219 388.602295391 437.632592174 331.550298247 448.87264709 343.334226788 451.859586215 346.465695226 508.848872083 
2.25 444.373567361 338.617449653 484.993050347 381.202391493 470.044506764 365.530531285 473.677344021 369.33915099 517.29445575 
2.26666666667 391.147120625 282.815529688 545.029929062 444.144280469 495.049500937 391.745444531 514.866459219 412.521287891 533.238629375 
2.28333333333 332.942437278 221.794490694 566.210994531 466.350236201 504.513196222 401.667060556 537.523993656 436.275154639 542.009287867 
2.3 291.482459795 178.328385269 574.230920368 474.758222966 507.187227052 404.470479974 555.067456887 454.667495123 548.800305892 
2.31666666667 318.280625396 206.423236302 589.871263794 491.155357203 507.340202687 404.630857656 580.490481346 481.320665927 558.64147665 
2.33333333333 378.977785705 270.057355981 548.968528469 448.273457266 492.348495694 388.913745486 534.826951698 433.447610651 540.965271625 
2.35 441.999884444 336.128911111 487.410585347 383.736903993 471.460398611 367.014934028 470.569284236 366.080701215 516.091335833 
2.36666666667 461.839798333 356.928820833 434.294217135 328.050388932 451.453639708 346.040106146 444.871182052 339.139142474 506.143683375 
2.38333333333 506.795187167 404.059470417 371.055609767 261.75184895 425.962775646 319.315813177 392.056779889 283.769204722 485.699398667 
2.4 561.864531483 461.793460425 318.755068609 206.920636445 403.741224865 296.019026068 340.649323167 229.874290417 465.799738 
2.41666666667 615.503502 518.027865 326.15938325 214.683224375 403.4041835 295.66567625 339.330237 228.4913775 465.289124 
2.43333333333 614.019721875 516.472289063 364.840847847 255.236372743 419.335893698 312.368275651 386.358301979 277.79499401 483.49353625 
2.45 578.789533132 479.537413767 410.193357229 302.783358385 439.152057389 333.143285972 442.141477806 336.277355764 505.087023667 
2.46666666667 502.389520448 399.440626276 427.803497844 321.245602578 446.235855333 340.569848333 448.665344708 343.116893646 507.6123915 
2.48333333333 451.413320764 345.997836285 475.366288819 371.109818924 466.001827333 361.292238333 468.992820569 364.427957049 515.481091833 
2.5 403.169462415 295.419597693 533.574621868 432.134684216 490.079434872 386.534891398 500.157809889 397.100929722 527.544958667 
2.51666666667 318.579009438 206.736058281 580.626354281 481.463113359 508.598561146 405.950104427 551.471829167 450.897885417 547.40845 
2.53333333333 297.40757455 184.540199125 588.7528666 489.982844016 512.505034757 410.045600955 563.90832284 463.936144913 552.222576583 
2.55 315.862630778 203.888241944 572.347695889 472.783874722 507.030989528 404.306682569 549.626933056 448.963720139 546.694296667 
2.56666666667 381.913251375 273.134860312 525.797215188 423.980951406 489.479419969 385.905843516 495.389929375 392.102345313 525.6993275 
2.58333333333 428.697519868 322.182883733 486.527826764 382.811431285 472.565756569 368.173777049 468.894492229 364.324870885 515.44302925 
2.6 465.008872899 360.251237717 443.950242502 338.173641332 453.884632153 348.588727257 447.955744913 342.372958377 507.337707708 
2.61666666667 494.688363208 391.366832396 370.198471629 260.853236385 425.623066667 318.959666667 392.423217542 284.153373229 485.8412455 
2.63333333333 555.876730627 455.51592727 351.356615969 241.099678032 416.665452625 309.568619687 384.227669181 275.561266076 482.668775167 
2.65 616.688817462 519.270534436 359.443057236 249.577398715 417.517937556 310.462353889 398.278975028 290.292473819 488.107990333 
2.66666666667 602.00220262 503.87327694 369.506451396 260.127731302 420.727383917 313.827096042 409.349935708 301.899126146 492.3935235 
2.68333333333 558.777211667 458.556754167 389.648841111 281.244752778 428.6753525 322.15964375 426.175185278 319.538500694 498.906523333 
2.7 504.018640198 401.148574401 419.063833608 312.083051363 440.960630972 335.039371181 445.743626785 340.053802274 506.481403917 
2.71666666667 462.659689563 357.788384219 470.071746937 365.559089531 463.28569 358.444675 464.724876625 359.953499687 513.8289845 
2.73333333333 402.7503315 294.98018625 529.062687525 427.404430469 487.90405691 384.254253212 507.546909579 404.847566494 530.405255321 
2.75 336.496723419 225.520758424 581.823707504 482.718403028 509.58546875 406.984765625 553.316425224 452.831736122 548.122487183 
2.76666666667 286.870942635 173.493730182 579.916849967 480.719278191 509.478741563 406.872874219 550.110118807 449.470285846 546.881336313 
2.78333333333 318.218704919 206.358319674 559.553965772 459.371093148 502.302933465 399.349849601 526.945600715 425.184903976 537.914426083 
2.8 387.658571684 279.158179991 529.626255642 427.995268012 490.895817611 387.390776528 495.792499358 392.524394488 525.855161042 
2.81666666667 432.306369583 325.966355208 500.440494583 397.397292708 476.615204333 372.419165833 478.538012917 374.435013542 519.176005 
2.83333333333 459.47878376 354.45356362 452.337149934 346.966366866 457.532536163 352.413142752 452.718770052 347.366452474 509.181459375 
2.85 485.277250382 381.500343142 396.446622399 288.371458967 436.27869559 330.130890538 420.762211878 313.863609227 496.811178792 
2.86666666667 558.204968781 457.956822109 354.765701103 244.673718898 417.495587094 310.438921953 379.978881697 271.106892102 481.024083238 
2.88333333333 611.567658257 513.901577205 341.043757221 230.28780999 410.314591556 302.910458889 361.378751443 251.606755545 473.824032817 
2.9 637.87197529 541.478683772 346.602169747 236.11517796 411.281702646 303.924365677 362.201343052 252.469149974 474.142455375 
2.91666666667 564.58316324 464.64363888 375.267493979 266.16753401 422.743583875 315.940854062 406.724986812 299.147163594 491.37741425 
2.93333333333 508.655553247 406.00985421 410.31060967 302.906284332 438.031260139 331.968256597 436.44045908 330.300481293 502.880177708 
2.95 463.326773611 358.487746528 452.179595556 346.801188889 456.654507556 351.492628889 458.913084889 353.860492222 511.579258667 
2.96666666667 422.500788646 315.686310677 514.716829323 412.364417839 482.754151448 378.855158776 489.199992104 385.612894948 523.30322275 
2.98333333333 363.42933841 253.756564462 555.468819118 455.088278108 499.741253632 396.664217517 524.277200669 422.387387799 536.881497033 
3.0 302.403150774 189.77749678 580.817915014 481.66394316 510.29535142 407.728997457 559.495208221 459.30949249 550.51427415 
3.01666666667 301.259210625 188.578204688 588.1126925 489.31169375 513.365124375 410.947307812 576.43934025 477.073501875 557.073293 
3.03333333333 350.657775746 240.36702296 564.145900813 464.185218594 503.102889111 400.188512778 545.345862764 444.475501285 545.037108167 
3.05 424.093612132 317.356206267 519.887329118 417.785103108 484.429474222 380.611545556 489.218039486 385.63181559 523.310208833 
3.06666666667 451.149366635 345.721110182 464.94329649 360.182488255 462.959882583 358.103102708 461.287173604 356.349456198 512.49826075 
3.08333333333 484.232733583 380.405285208 393.767557083 285.562761458 434.65031575 328.423718125 405.962984639 298.348290347 491.082445667 
3.1 524.801546424 422.937105122 321.561105243 209.862449045 405.28759033 297.640215668 340.802885972 230.035283681 465.859181667 
3.11666666667 594.348178458 495.848896771 318.770627542 206.936948229 400.405930021 292.52234599 330.376000667 219.103871667 461.822968 
3.13333333333 617.018709021 519.61638849 348.793212719 238.412239141 413.686138208 306.445144896 368.760495059 259.345680304 476.681481958 
3.15 602.460922806 504.354193264 395.738848375 287.629437812 436.177897153 330.025214757 431.611453347 325.237813993 501.010885167 
3.16666666667 526.556443938 424.776917031 410.601305281 303.211045859 439.636734531 333.651415234 440.926468219 335.003555391 504.616697375 
3.18333333333 473.546904201 369.202399566 450.573955937 345.117857031 455.286854722 350.058799306 458.104517917 353.012801042 511.266265 
3.2 430.895894879 324.487631727 508.138160663 405.467426502 479.287199712 375.220451311 485.391642965 381.620270851 521.829023083 
3.21666666667 348.205268333 237.795845833 576.466710667 477.102196667 506.840498833 404.106974583 556.420700167 456.086217917 549.324142 
3.23333333333 308.43837275 196.104745625 602.904817403 504.819566632 515.284246757 412.959290955 588.77792742 490.009117457 561.849520292 
3.25 303.993949681 191.445269826 596.539975979 498.14674901 509.980958569 407.399392049 587.797865757 488.981633455 561.470141583 
3.26666666667 361.740988854 251.986520573 545.193216719 444.315469141 495.613416771 392.336646615 516.537772552 414.273471224 533.885589375 
3.28333333333 412.508076208 305.210079896 506.550354333 403.802790833 480.689113681 376.690199826 479.758881611 375.714956528 519.648599333 
3.3 456.128175132 350.940828767 473.658296028 369.319181319 464.679050444 359.905456111 464.546653427 359.766652786 513.759994875 
3.31666666667 475.875592125 371.643765937 410.632128 303.24336 441.536059 335.6426425 427.952066313 321.401359844 499.59434825 
3.33333333333 532.996375003 431.528457665 366.022133094 256.474816953 422.904669885 316.109734557 389.57989076 281.17246612 484.740602875 
3.35 609.9672275 512.22370625 336.171602222 225.179905556 408.912460694 301.440482986 351.799602083 241.564098958 470.115975 
3.36666666667 615.774114562 518.311571719 325.888875958 214.399628021 410.945794073 303.572203464 334.261850344 223.177746328 463.327167875 
3.38333333333 585.31193916 486.375420087 351.619305437 241.375078281 419.459294903 312.497647882 368.735254708 259.319218646 476.6717115 
3.4 529.33194541 427.686716962 402.396390507 294.60911908 433.046364125 326.742155937 436.506842566 330.370076884 502.905874542 
3.41666666667 481.779775917 377.833636042 441.327478083 335.423968958 451.2716555 345.84931625 452.827182542 347.480110729 509.2234255 
3.43333333333 435.241015799 329.043000434 493.236042917 389.844238542 473.791830035 369.459176649 480.022788056 375.991632639 519.750756667 
3.45 387.902240403 279.413639132 551.941560972 451.390346181 498.338879507 395.19398658 515.362340493 413.04116342 533.430583417 
3.46666666667 320.253393063 208.491460469 573.607695625 474.104842187 507.714734031 405.023511484 551.702844719 451.140079141 547.497875375 
3.48333333333 301.307748444 188.629091111 588.655910667 489.881196667 509.849432889 407.261502222 577.046088611 477.709609028 557.308163333 
3.5 323.053844583 211.427417708 594.211523892 495.705629887 505.547235559 402.751134054 588.129093868 489.328888733 561.598358917 
3.51666666667 397.2184125 289.18059375 535.368288229 434.015140885 487.860478229 384.208565885 514.077646458 411.694306771 532.9332825 
3.53333333333 442.551380149 336.707092092 480.006527156 375.974584922 468.907437958 364.338443021 467.383938976 362.741226345 514.858298958 
3.55 466.709435056 362.034085139 425.693065958 319.033053021 448.177220431 342.605150451 438.895487181 332.874301076 503.830511167 
3.56666666667 512.338762167 409.871282917 344.487442531 233.898125234 414.744439135 307.554653932 359.635907698 249.779580651 473.149383625 
3.58333333333 569.163236819 469.445328924 312.767783021 200.64364349 399.508117493 291.58109092 325.427604785 213.916037274 459.907459917 
3.6 630.348434757 533.591100955 323.122066111 211.498940278 400.541875677 292.664869661 331.010216319 219.768775174 462.068470833 
3.61666666667 607.928404 510.08623 377.931375 268.9603125 432.43366075 326.099805625 404.075752 296.36974 490.351904 
3.63333333333 557.476264375 457.192857813 410.921076094 303.546289453 446.185671931 340.517236701 440.881867615 334.956796693 504.599432625 
3.65 485.57809634 381.815746163 428.011680819 321.463858924 446.215210625 340.548204687 448.715473646 343.169448177 507.63179625 
3.66666666667 446.428965635 340.772302682 487.087911729 383.398617135 470.665017187 366.181066406 473.314543594 368.958795703 517.154016875 
3.68333333333 380.014925903 271.144680382 549.382993194 448.707976736 495.949061736 392.688532465 524.348566458 422.462206771 536.9091225 
3.7 294.588697038 181.584924314 611.400276771 513.726096615 520.484636472 418.411312431 594.648787934 496.164051866 564.122111458 
3.71666666667 304.872815396 192.366661302 601.050833125 502.875873438 509.886987667 407.300874167 592.313421771 493.715684115 563.21809875 
3.73333333333 339.676289139 228.854174097 568.113312351 468.344601658 498.551506139 395.416901597 552.248584326 451.712225504 547.709129417 
3.75 395.216995667 287.082334167 516.305570389 414.030033472 486.429785389 382.708645972 481.595803833 377.640762083 520.359666 
3.76666666667 437.940971562 331.873599219 483.065826094 379.181914453 469.999573125 365.483423438 468.912747031 364.344008984 515.450095625 
3.78333333333 471.065830611 366.601274028 431.400757757 325.016923455 448.887474993 343.34977217 439.276858868 333.274126233 503.978138917 
3.8 497.460845517 394.273467075 364.935433476 255.335535095 424.097383691 317.360160321 395.321318277 287.191704645 486.963090946 
3.81666666667 587.422223042 488.587814479 353.006066542 242.828940729 416.131565458 309.008899271 376.372751704 267.326271948 479.62816195 
3.83333333333 622.714942983 525.588246675 339.482351094 228.650851953 412.70796001 305.419635495 354.657369601 244.560145549 471.222207588 
3.85 607.466357396 509.601826302 325.964507778 214.478919444 413.693653125 306.453023437 332.459700972 221.288396181 462.629561667 
3.86666666667 550.846037656 450.241813672 380.645125333 271.805373333 427.966326312 321.416309844 405.515749792 297.879415104 490.9093225 
3.88333333333 499.913903611 396.845221528 430.29989975 323.862798125 445.465850639 339.762585347 449.331291444 343.815063611 507.870177333 
3.9 454.136309958 348.852583021 475.494026687 371.243737656 466.036233135 361.328308932 466.296004309 361.600649679 514.437162958 
3.91666666667 398.66725175 290.699538125 535.568440375 434.224977812 491.003125187 387.503276406 509.240188812 406.622778594 531.06071825 
3.93333333333 342.933634375 232.269132813 565.190936269 465.280820282 503.858603021 400.98079349 533.77643247 432.346259848 540.558619021 
3.95 287.627428639 174.286820347 565.866274487 465.988836156 505.162998417 402.348304792 540.908276185 439.823192774 543.319332717 
3.96666666667 313.082223771 200.973299115 582.873437428 483.818926336 508.433181312 405.776722344 569.066223493 469.343621404 554.219183287 
3.98333333333 363.967965347 254.321253993 559.417779306 459.228317014 498.19692491 395.045163212 546.676781028 445.870818819 545.552302333 
4.0 439.641397448 333.656303776 496.355225674 393.114349497 474.740167934 370.453401866 474.879955653 370.599953507 517.759982833 
4.01666666667 458.9953675 353.94675625 442.812928333 336.981295833 454.572080833 349.309439583 448.798718333 343.256720833 507.66402 
4.03333333333 497.730743885 394.556425041 384.928288125 276.295785938 431.585255118 325.210348108 406.958460837 299.391934748 491.467791292 
4.05 555.928620353 455.57032779 322.68313625 211.038771875 405.767896903 298.143762882 349.29324584 238.936467413 469.145772583 
4.06666666667 602.900021584 504.814538758 330.368788 219.09631 406.432155969 298.840163516 350.263055437 239.953203281 469.52118275 
4.08333333333 616.520245597 519.093805868 358.526169375 248.616145312 415.950602528 308.819180069 380.684414819 271.846563924 481.297192833 
4.1 595.848529913 497.421845877 407.460584844 299.918355078 434.471533368 328.236284983 441.177745608 335.266991363 504.713966042 
4.11666666667 517.627406083 415.415828958 425.715050771 319.056101615 444.206727729 338.442537135 448.110885167 342.535605417 507.397762 
4.13333333333 457.754078417 352.645404792 464.710990562 359.938941719 461.600678219 356.678130391 464.49478666 359.712276337 513.739917417 
4.15 417.893175333 310.855748333 525.9473385 424.13833875 487.17854475 383.493635625 491.453249278 387.975180694 524.175451333 
4.16666666667 339.282120673 228.440932964 568.298322105 468.538563497 503.977813521 401.10577224 536.997821635 435.723522682 541.805608375 
4.18333333333 304.581202271 192.060937865 581.247701274 482.11452553 509.621955104 407.023017448 549.393674201 448.719174566 546.604002917 
4.2 318.130326998 206.265665401 562.713916768 462.683944999 503.350882115 400.448505443 525.560668288 423.732958689 537.378323208 
4.21666666667 375.2298986 266.1281195 533.668698375 432.233312813 492.025080875 388.574681563 497.8432965 394.67442375 526.649018 
4.23333333333 422.909020757 316.114295955 498.23800217 395.088228082 477.228514253 373.06215204 474.819394569 370.536462049 517.736539833 
4.25 458.993843764 353.945158785 455.992854965 350.798960851 458.710831632 353.648452517 457.107218639 351.967245347 510.880213667 
4.26666666667 489.99903099 386.450597005 381.782541861 272.997826145 429.995937969 323.544128516 399.908503698 292.000850651 488.738775625 
4.28333333333 540.260134256 439.143689139 343.119873041 232.464383026 414.071404056 306.849052639 372.400770056 263.162097639 478.090620667 
4.3 612.616135219 515.000786924 346.019968844 235.504806046 413.056825507 305.78538158 380.046406726 271.17768447 481.050221958 
4.31666666667 615.411783462 517.931708469 369.810587875 260.446584062 420.756736396 313.857868802 405.620601479 297.98934026 490.94991025 
4.33333333333 581.29711366 482.166328837 391.44890584 283.131917413 428.976488868 322.475351233 426.625360389 320.010458472 499.080784667 
4.35 507.080677361 404.358774653 409.677187639 302.242212847 437.428766528 331.336610069 441.525506944 335.631579861 504.848583333 
4.36666666667 467.757405125 363.132763438 461.069513562 356.121264219 459.519688906 354.496448047 461.422206375 356.491022812 512.5505315 
4.38333333333 414.119153743 306.899112795 519.020719059 416.876560304 483.757796361 379.907367153 498.781370493 395.65788842 527.012143417 
4.4 341.52203183 230.789226918 583.094437634 484.0506201 509.855120097 407.267464618 556.786771955 456.470002856 549.465847208 
4.41666666667 294.156987658 181.132325771 588.629704042 489.853721979 512.9718235 410.53497625 565.773090167 465.891142917 552.944422 
4.43333333333 302.648876634 190.0351126 572.166082604 472.593473698 507.401322309 404.694934679 547.18334783 446.401896918 545.748392708 
4.45 378.165162426 269.20541222 532.315388208 430.814519896 492.587021535 389.163812899 497.768711576 394.596229879 526.620146417 
4.46666666667 424.434418812 317.713503594 503.830210573 400.951027214 478.545134521 374.44247974 480.312530094 376.295394453 519.862914875 
4.48333333333 457.190280556 352.054326389 462.150451056 357.254505139 461.037447722 356.087646806 457.723695403 352.613551632 511.118849833 
4.5 475.041047153 370.768839757 403.031426153 295.274882257 439.108980736 333.098124965 426.360493483 319.732775425 498.978255542 
4.51666666667 547.339923125 446.566048437 362.511011094 252.793801953 420.85478875 313.960665625 386.507428125 277.951335938 483.5512625 
4.53333333333 604.365022512 506.350426827 338.11058907 227.212714348 409.348373438 301.897488281 357.353931866 247.387186634 472.266038142 
4.55 637.125448306 540.696034514 332.986637422 221.840829556 406.253285 298.6526375 342.729657044 232.055285611 466.605028533 
4.56666666667 576.121328849 476.740102826 367.499878875 258.024066562 419.646294437 312.693695781 394.022476865 285.830016068 486.460313625 
4.58333333333 517.467035979 415.24769901 405.154992889 297.501202222 435.437013299 329.248481684 434.451112118 328.214875608 502.110107917 
4.6 470.822460052 366.346127474 443.213392361 337.401137153 452.84102092 347.494618707 454.228381788 348.949109939 509.765825208 
4.61666666667 428.973730083 322.472458958 504.028845333 401.159273333 478.336062125 374.223290937 484.505719583 380.691480208 521.486085 
4.63333333333 375.474833712 266.384906311 551.489232976 450.916131345 498.160942306 395.007439514 518.638878389 416.476243472 534.698920667 
4.65 305.622301965 193.152413351 578.35298166 479.079738837 509.409472278 406.800253194 556.889077444 456.577258611 549.505449333 
4.66666666667 304.010133187 191.462236406 589.579669656 490.849653672 512.382537719 409.917176641 577.452562656 478.135751172 557.465508125 
4.68333333333 338.653759306 227.782167014 575.283058333 475.861270833 505.909996806 403.131448264 561.183625417 461.079607292 551.167855 
4.7 415.671449142 308.526519262 527.261082979 425.51565151 487.255579642 383.574398012 495.659474052 392.384932474 525.803667375 
4.71666666667 446.340070229 340.679105885 473.532245938 369.187032031 466.381348063 361.690122969 465.282635729 360.538247135 514.04489125 
4.73333333333 477.544674535 373.393610399 407.811264271 300.286002865 440.344682608 334.393618863 418.563894563 311.558921719 495.96021725 
4.75 515.727125028 413.423598819 325.688560417 214.189619792 407.215583986 299.66149934 343.74256775 233.117208125 466.997123 
4.76666666667 582.266470312 483.182589844 317.768567396 205.886401302 400.517787708 292.639616146 329.952384375 218.659757813 461.6589875 
4.78333333333 619.21956909 521.923741788 338.601263819 227.727131424 409.186425347 301.727703993 354.128497965 244.005683351 471.017483083 
4.8 608.494621045 510.679844644 390.64752441 282.291759462 436.501882674 330.364876997 425.010869733 318.3178473 498.455820542 
4.81666666667 540.0090005 438.88040375 409.0415025 301.57576875 440.6987025 334.76476875 439.836515 333.8608625 504.19478 
4.83333333333 479.796566309 375.754464679 440.602109514 334.66350191 451.177096997 345.750182335 454.163778003 348.881380165 509.740817292 
4.85 441.534457118 335.640963108 497.536681528 394.352972569 474.919771493 370.64169592 476.935596007 372.75506033 518.555714583 
4.86666666667 362.434305146 252.713384427 564.977463542 465.057018229 502.196054937 399.237799531 544.62954275 443.724520625 544.759823 
4.88333333333 308.683743778 196.361989444 605.140000931 507.162904201 516.560381347 414.297173993 590.388223389 491.697330972 562.472860667 
4.9 301.538487472 188.870994931 601.183928288 503.015408689 510.301166934 407.735094366 594.089749111 495.577962778 563.905709333 
4.91666666667 351.506980167 241.257317917 554.702701479 454.28509026 497.568077854 394.385888073 530.486116313 428.896734844 539.28494825 
4.93333333333 404.177311337 296.476213498 511.215471892 408.693639887 483.270343212 379.396327561 481.363588646 377.397310677 520.26977625 
4.95 449.849071528 344.357897569 480.894174806 376.905183264 467.766079528 363.141857569 468.561585167 363.975855417 515.314162 
4.96666666667 473.222402875 368.862196562 420.912728719 314.021409141 445.242490688 339.528417656 433.5997955 327.32236625 501.780566 
4.98333333333 517.982246076 415.787838628 370.049221785 260.696764774 425.094528938 318.405554531 395.524581757 287.404803455 487.041773583 
5.0 602.459392934 504.352589366 340.472746413 229.689169627 410.339727281 302.936810859 357.156054733 247.1797348 472.189440542 
5.01666666667 614.827485 517.3191375 328.005455208 216.618622396 411.098436458 303.732231771 337.522539167 226.596210417 464.58937 
5.03333333333 595.187073979 496.72838401 341.418221441 230.680393446 417.746663198 310.702146901 354.135474795 244.012997769 471.020183792 
5.05 538.878119208 437.694802396 394.17728559 285.992315538 430.613167021 324.19122349 427.085776049 320.493152309 499.259010083 
5.06666666667 490.34776226 386.81620237 435.661626812 329.483963594 448.454231802 342.895565599 450.556683125 345.099748437 508.3445225 
5.08333333333 443.083907944 337.265387361 483.277261056 379.403580139 469.578969 365.0424675 474.0761545 369.75725875 517.448834 
5.1 396.009381285 287.913061024 544.334441371 443.415140148 495.083518594 391.781108203 510.344372969 407.780391016 531.488144375 
5.11666666667 332.042280375 220.850777813 569.583157437 469.885568281 505.992200625 403.217629687 544.755493812 443.856566094 544.80857825 
5.13333333333 296.840646722 183.945839306 585.862533389 486.952655972 510.126016396 407.551468802 572.824329715 473.283571476 555.673934083 
5.15 317.210174944 205.300989861 596.221360778 497.812716944 506.329931417 403.571702292 590.190750806 491.490303264 562.396419667 
5.16666666667 383.652309396 274.958066302 545.904360917 445.061023542 490.53585024 387.01339138 528.479314844 426.792830078 538.508121875 
5.18333333333 439.276901493 333.27417092 488.319679722 384.689986806 472.023492083 367.605273958 471.270976771 366.816346615 516.36295875 
5.2 461.383608038 356.450556814 435.771956028 329.599631319 452.178422292 346.799958854 446.02875951 340.352731745 506.591777875 
5.21666666667 505.08642325 402.268024375 360.17303275 250.342695625 421.282953 314.4095475 375.722464833 266.644519583 479.376438 
5.23333333333 558.530253181 458.297846076 311.340031736 199.146807465 399.759309417 291.844437292 325.61584292 214.113383707 459.980326292 
5.25 623.151657528 526.046092569 320.007104306 208.233254514 399.337350333 291.402060833 327.898515757 216.506508455 460.863941583 
5.26666666667 612.233681094 514.599826953 367.685875 258.2190625 426.163359531 319.526102734 389.877292812 281.484258594 484.85572625 
5.28333333333 570.835509 471.1985175 409.025899167 301.559410417 446.786210819 341.146833924 440.175859083 334.216626458 504.326139 
5.3 497.40349175 394.213338125 424.499794583 317.782042708 445.93182617 340.251108082 447.089615354 341.464919323 507.00243175 
5.31666666667 452.621223063 347.264185469 476.879124125 372.695855937 466.4689405 361.78195375 469.136393625 364.578477187 515.5366685 
5.33333333333 396.082601132 287.989823767 537.340318031 436.082591484 491.176632833 387.685179583 509.390863559 406.780744054 531.119043958 
5.35 305.484418056 193.007857639 599.8021725 501.56679375 516.028909167 413.739985417 579.883139722 480.683936805 558.406376667 
5.36666666667 301.742555521 189.08493724 601.892097563 503.757844219 512.231746938 409.759089531 590.504731615 491.819476693 562.517960625 
5.38333333333 329.509727194 218.195681736 577.850795653 478.553253507 501.574442722 398.586109306 565.796607757 465.915798455 552.953525583 
5.4 385.911385097 277.326452118 525.312455701 423.472735816 488.650038111 385.036330278 493.699195941 390.329802196 525.044850042 
5.41666666667 430.200850875 323.758956562 488.178236625 384.541699688 472.7302895 368.34627125 470.60881225 366.122141875 516.106637 
5.43333333333 466.739976944 362.066104861 442.901493073 337.074145964 453.188196163 347.858592752 446.866636875 341.231151563 506.9161175 
5.45 492.385024889 388.952042222 373.855344521 264.68705474 427.386563451 320.808493941 400.29089225 292.401741875 488.886797 
5.46666666667 570.864148156 471.228542422 356.391984127 246.378693036 418.134986313 311.109259844 382.998151432 274.272255534 482.192832813 
5.48333333333 627.392724472 530.492372431 346.907746283 236.435540458 413.556054889 306.308767222 366.954328819 257.452118924 475.982320833 
5.5 611.825971247 514.17238921 330.305419673 219.029875464 411.238167236 303.878723715 339.811723134 228.99616135 465.475505729 
5.51666666667 561.592654271 461.508427865 370.991608437 261.684750781 424.109055729 317.372397135 392.512799792 284.247290104 485.8759225 
5.53333333333 507.496562597 404.794783368 422.395415663 315.575839002 441.872874646 335.995755677 446.633691358 340.986934488 506.825945042 
5.55 462.366533111 357.481042778 468.581425597 363.996655868 462.796662417 357.931984792 463.544485319 358.715992674 513.372058833 
5.56666666667 406.859806781 299.288507109 526.225986844 424.430470078 487.034413156 383.342529922 503.225377 400.3169275 528.732404 
5.58333333333 351.330450236 241.072246215 566.698317932 466.861139767 504.175184493 401.31269342 533.846078653 432.419276007 540.585578833 
5.6 301.375836285 188.700473524 561.790898733 461.7162648 503.33214283 400.428859418 531.455905243 429.913449045 539.660350417 
5.61666666667 308.633623667 196.309444167 573.272030467 473.752935167 507.318901167 404.608525417 553.156989167 452.664585417 548.06077 
5.63333333333 347.029759851 236.563457908 566.36196326 466.50850987 503.604101201 400.713977066 552.982019031 452.481148984 547.993039625 
5.65 425.332919368 318.655479983 506.712447521 403.97272724 478.985799736 374.904467465 487.401874563 383.727771719 522.60717725 
5.66666666667 456.406637583 351.232765208 451.492015771 346.080339115 457.76008499 352.651702005 452.836349823 347.489721589 509.226974125 
5.68333333333 487.684914465 384.024507101 396.608547347 288.541218993 436.372019583 330.228730208 418.9329825 311.94586875 496.10309 
5.7 548.874647886 448.175034074 339.782424592 228.965445137 412.477813104 305.178352448 367.316002375 257.831292813 476.1223235 
5.71666666667 593.859974119 495.337069641 338.686031619 227.816000891 410.491546875 303.095976562 368.362236875 258.928151562 476.5273175 
5.73333333333 615.507694363 518.032260219 359.501942802 249.639133582 417.044184792 309.965677604 390.870170285 282.525178524 485.240065917 
5.75 589.7051439 490.98119925 397.846118497 289.838672618 430.300010833 323.862914583 431.826908944 325.463694861 501.094287333 
5.76666666667 527.457120521 425.72117474 422.062581042 315.226899479 441.902180625 336.026479687 446.649033021 341.00301849 506.83188375 
5.78333333333 464.149916611 359.350719028 453.915597278 348.621190694 457.134570542 351.995920729 459.818393389 354.809605972 511.929700667 
5.8 424.138873639 317.403657847 515.517498722 413.203829305 482.894182646 379.001965677 487.393398861 383.718885903 522.603896333 
5.81666666667 357.284141588 247.314019406 558.405538846 458.167097177 500.30775 397.258125 525.957759667 424.149264167 537.532036 
5.83333333333 305.222069566 192.732814867 579.179133457 479.945865721 509.034871938 406.407527031 548.525706816 447.809208759 546.268015542 
5.85 312.967725594 200.853260703 555.505171677 455.126389661 501.063743125 398.050698438 520.202425174 418.115445747 535.304164583 
5.86666666667 365.347648656 255.767696172 542.73457475 441.737860625 495.076804188 391.774068906 506.625364969 403.881431016 530.048528375 
5.88333333333 421.812222889 314.964427222 520.959162944 418.908799861 485.1397755 381.35621625 491.980853778 388.528314444 524.379685333 
5.9 452.991204403 347.652069132 465.577858201 360.847754566 462.748875594 357.881885703 462.354830181 357.468773576 512.911547167 
5.91666666667 484.838181667 381.040029167 393.9596553 285.76415475 434.686709104 328.461872448 408.366490223 300.868094589 492.012834925 
5.93333333333 526.85548977 425.090432823 336.770095219 225.807357891 411.885201927 304.557066536 362.185406576 252.452442378 474.136286417 
5.95 597.091105608 498.724546202 334.639356525 223.573518938 408.940614292 301.469998854 359.415923711 249.548952278 473.064228533 
5.96666666667 621.133741759 523.930535715 361.471104727 251.703577536 417.595290844 310.543450078 391.468767293 283.152739904 485.471780887 
5.98333333333 606.656894438 508.753195781 392.290192882 284.013911892 428.778329333 322.267603333 426.867585778 320.264404444 499.174549333 
6.0 522.658421594 420.690280703 407.694225816 300.163301259 436.513420917 330.376973542 439.495010389 333.502833472 504.062584667 
6.01666666667 473.69056875 369.353015625 451.93566 346.54545 455.660465 350.4504875 458.1265925 353.03594375 511.27481 
6.03333333333 426.808640462 320.202606936 508.545625901 405.894607799 479.467215635 375.409177682 488.811312199 385.20540795 523.152766012 
6.05 351.206452174 240.942248247 573.735597427 474.238932786 505.958605021 403.18240849 549.955147773 449.307816213 546.821347525 
6.06666666667 304.532026196 192.009382302 593.588335359 495.05228707 514.901152417 412.557659792 574.066134507 474.585463596 556.154632712 
6.08333333333 293.725421933 180.679877833 585.866534111 486.956850278 512.956743292 410.519166354 568.261296125 468.499745938 553.9075985 
6.1 364.225009167 254.590735417 540.339087639 439.226462847 495.710403177 392.438325911 508.443491719 405.787531641 530.752319375 
6.11666666667 416.019344812 308.891248594 507.766524375 405.077807813 480.726002604 376.728873698 481.957573833 378.020037083 520.499706 
6.13333333333 454.801476312 349.549934844 472.224946122 367.816475773 464.649613899 359.874595217 463.067273472 358.215689931 513.187331667 
6.15 472.8309465 368.45179875 412.250505389 304.940045972 442.449379278 336.600155694 430.657268611 324.237459028 500.641523333 
6.16666666667 534.980340344 433.608421328 368.734143875 259.318054063 423.736580719 316.981899141 392.291918656 284.015721172 485.790420125 
6.18333333333 600.711360521 502.51997474 337.772792049 226.858572309 409.569864132 302.129696267 356.872826354 246.882801823 472.07980375 
6.2 624.484764198 527.443704401 328.794457628 217.445802352 406.38697067 298.792791832 338.622322615 227.749209193 465.015092625 
6.21666666667 585.52471175 486.598488125 357.884802625 247.943744687 416.812052917 309.722313542 379.533885125 270.640363437 480.8518265 
6.23333333333 526.398087865 424.610898568 400.028726542 292.126890729 432.780268736 326.463184965 432.748306444 326.429676111 501.450957333 
6.25 479.261020104 375.193004948 437.733431083 331.656016458 450.210726139 344.737051597 451.307906556 345.887321389 508.635318667 
6.26666666667 435.695859531 329.519852734 493.384642708 390.000028646 473.912909792 369.586115104 479.519855573 375.464364714 519.556073125 
6.28333333333 387.505098111 278.997280278 548.037683611 447.297571528 496.746535444 393.524593611 512.913912056 410.474262639 532.482804667 
6.3 317.633025493 205.74430092 573.957438056 474.471507639 507.664778285 404.971138524 551.475321403 450.901546632 547.409801833 
6.31666666667 303.750078062 191.189597969 589.058661375 490.303435312 511.173585187 408.649726406 576.268229937 476.894112031 557.00705675 
6.33333333333 326.384022705 214.918733481 586.675902132 487.805381267 507.780857247 405.09283421 576.941295264 477.599745035 557.267598167 
6.35 401.745224097 293.926444618 535.077380139 433.710156597 489.666984931 386.102484201 507.986045278 405.307950695 530.575243333 
6.36666666667 441.877776198 336.000894401 481.975195396 378.038511302 469.695537396 365.164676302 469.103247521 364.54372724 515.52383775 
6.38333333333 470.336004069 365.836133299 422.322601938 315.499502031 446.331579674 340.670204497 432.325562243 325.986476545 501.287314417 
6.4 509.969119368 407.386979983 339.617848219 228.792905391 412.76082642 305.475059957 355.448834788 245.389907439 471.528581208 
6.41666666667 570.173473 470.5044475 316.263426333 204.308430833 400.590938667 292.716306667 329.110177667 217.776799167 461.332972 
6.43333333333 622.740343715 525.614876476 328.29385908 216.920981293 403.897944826 296.183329253 339.487117344 228.655848828 465.349851875 
6.45 609.046987764 511.258938785 381.253178493 272.44284842 432.948260319 326.639305174 411.331683687 303.976765156 493.16065175 
6.46666666667 553.359094313 452.876469844 407.567365312 300.030302344 442.096584531 336.230290234 438.938467281 332.919360859 503.847148625 
6.48333333333 486.099723222 382.362613056 430.429777694 323.998960486 447.028281208 341.400617396 450.029226306 344.546769514 508.140345667 
6.5 447.615239944 342.015977361 487.913865826 384.264536753 470.927901385 366.456670807 473.232748049 368.873042309 517.122354083 
6.51666666667 377.118529167 268.108135417 553.056636354 452.559376823 497.394825312 394.204252344 531.511387708 429.971616146 539.6818275 
6.53333333333 307.304673365 194.916189818 607.802409774 509.95413928 518.437961361 416.265604653 592.135809424 493.529477622 563.149345583 
6.55 303.820881417 191.263827292 601.835225694 503.698220486 510.634399389 408.084450972 593.641642389 495.108173472 563.732248667 
6.56666666667 341.387504531 230.648190234 564.351897427 464.401182787 499.35261449 396.256773255 544.648672333 443.744575833 544.767228 
6.58333333333 395.993325007 287.89622783 516.051099139 413.763249097 485.94689925 382.202394375 482.931740438 379.041340781 520.87680275 
6.6 441.266121441 335.359643446 485.262728819 381.485118924 470.223664375 365.718357813 470.337468281 365.837668359 516.001600625 
6.61666666667 470.25302525 365.749139375 431.49780175 325.118663125 449.044619375 343.514520313 439.736884875 333.756411563 504.1562135 
6.63333333333 502.612451135 399.674343932 373.297766788 264.102497439 426.990494212 320.393260061 401.050475885 293.198079557 489.180829375 
6.65 588.234414646 489.439305677 346.380602951 235.882890191 413.213973549 305.950133559 364.884653646 255.282298177 475.18115625 
6.66666666667 615.583840438 518.112090781 330.672238604 219.414443698 410.870218979 303.49297151 341.504898948 230.771265026 466.130928625 
6.68333333333 605.096206111 507.116990278 331.109371111 219.872727778 415.745881111 308.604552778 339.539003055 228.710245139 465.369936667 
6.7 548.949868514 448.25389441 384.555613983 275.905079175 428.562011764 322.040818785 412.986127101 305.711262283 493.801081458 
6.71666666667 498.792402833 395.669454583 429.579085812 323.107106094 445.46127125 339.757784375 448.30685425 342.741056875 507.473621 
6.73333333333 451.443738438 346.029725781 473.536298003 369.191280165 465.452162889 360.715977222 467.76188258 363.137457543 515.004599708 
6.75 402.92927125 295.167784375 534.190080486 432.77992309 490.791156444 387.281051111 505.162234181 402.347503576 529.482155167 
6.76666666667 343.232692344 232.582661328 566.023109687 466.153260156 504.456465469 401.607584766 538.159655781 436.941574609 542.255350625 
6.78333333333 291.360947222 178.200993056 582.004904799 482.908367934 510.264723097 407.696887118 567.021298278 467.199748194 553.427599333 
6.8 314.176848194 202.120889236 593.355779441 494.808478446 506.334790882 403.576796892 585.793734056 486.880527639 560.694348667 
6.81666666667 370.240752917 260.897563542 557.09166675 456.789650625 493.3106935 389.92250125 543.204785333 442.230823333 544.208304 
6.83333333333 436.330830378 330.185547977 496.703325535 393.479292899 475.132679493 370.86490592 475.210026431 370.945995451 517.887752167 
6.85 457.77056934 352.662693663 444.141680903 338.374342882 455.309986319 350.083050174 449.959095694 344.473245486 508.113198333 
6.86666666667 497.243474271 394.045577865 375.600634511 266.516794245 427.733757854 321.172488073 392.016567938 283.727047031 485.68383275 
6.88333333333 548.570984361 447.856677153 310.490998569 198.256692049 400.345675708 292.459176146 327.112699556 215.682668889 460.559754667 
6.9 611.584468868 513.919201233 319.256600441 207.446435946 399.877158823 291.967989089 328.841164403 217.494769132 461.228837833 
6.91666666667 617.310550125 519.922350938 357.402913437 247.438538281 419.779464625 312.833309687 375.826742375 266.753842812 479.4168035 
6.93333333333 584.295891771 485.310209115 406.891399549 299.321628559 446.895988385 341.261923307 439.480377205 333.487492231 504.056920208 
6.95 510.819018167 408.278002917 422.823654722 316.024799306 446.608134333 340.960140833 446.330148722 340.668704306 506.708444667 
6.96666666667 458.878369302 353.824096849 466.510202792 361.825212604 462.209713906 357.316635547 464.853886354 360.088751823 513.87892375 
6.98333333333 412.753772306 305.467664514 526.261770402 424.467985099 486.867986319 383.168050174 495.542817048 392.262630776 525.758509825 
7.0 321.61040407 209.914133299 585.63476992 486.71387169 510.363950868 407.800916233 562.445342305 462.402374997 551.656261537 
7.01666666667 297.579097292 184.720021354 602.086402979 503.96155151 514.435638333 412.069620833 587.381333396 488.544946302 561.30890325 
7.03333333333 318.664102823 206.825269088 587.571336271 488.744142865 506.036722976 403.264306346 578.531051903 479.266425382 557.882987833 
7.05 375.860440021 266.78917099 534.922041292 433.547301354 491.36781866 387.885616337 507.419397139 404.713884097 530.355895667 
7.06666666667 422.855005625 316.057667187 493.510752969 390.132241016 475.488129906 371.237555547 472.342949344 367.940188828 516.777915875 
7.08333333333 461.958485278 357.053250694 454.813904083 349.562963958 457.724118639 352.613995347 455.177339472 349.943984931 510.133163667 
7.1 488.677920243 385.065561545 384.602418386 275.954148307 431.331206997 324.944007335 406.503193976 298.914638846 491.291558958 
7.11666666667 553.304664771 452.819406614 357.42178811 247.458326245 419.171483583 312.195910208 386.680966125 278.133270938 483.6184385 
7.13333333333 630.485874226 533.735190721 355.487784448 245.43074176 415.760172865 308.619536068 382.039370462 273.267081936 481.821691792 
7.15 616.850522181 519.440063576 338.839802318 227.977212108 410.678257292 303.291721354 353.489641569 243.335914549 470.770183833 
7.16666666667 574.338228708 474.870723646 363.299787365 253.620744818 419.683009094 312.732186953 382.56029726 273.81321487 482.023340875 
7.18333333333 514.891381389 412.547415972 413.939754375 306.711032812 438.123591701 332.065055816 443.742693681 337.956049826 505.706849167 
7.2 470.213627694 365.707835486 461.338690437 356.403465781 459.439898351 354.412796658 461.04868759 356.099430538 512.405943583 
7.21666666667 415.8305397 308.69330775 516.8441296 414.594652 483.054669 379.1702175 496.4912005 393.25690375 526.125626 
7.23333333333 356.767975818 246.772877874 570.847562112 471.211153827 505.484304698 402.685158151 538.239991635 437.025797682 542.286448375 
7.25 313.855299037 201.783781248 561.630143324 461.547730905 503.009935396 400.091061302 527.397282771 425.658441615 538.08927075 
7.26666666667 308.238994958 195.895720521 562.437222307 462.393862096 503.601127031 400.710858984 533.184289469 431.725464766 540.329402375 
7.28333333333 333.338563889 222.209784722 564.682953768 464.748257983 504.02312325 401.153274375 544.100249525 443.169616438 544.5549353 
7.3 411.114326111 303.748890278 513.69021426 411.288127853 482.142193688 378.213590156 493.810491581 390.446483109 525.087932225 
7.31666666667 454.03148475 348.742685625 460.483614854 355.507015573 461.029922688 356.079757656 457.109996583 351.970157708 510.881289 
7.33333333333 476.515669038 372.314814314 405.991101865 298.377768084 440.320470101 334.368234783 428.233970948 321.696905026 499.703472625 
7.35 540.862005972 439.77468368 354.283073653 244.167738507 418.177878472 311.154227431 381.530927083 272.734036458 481.624875 
7.36666666667 591.515924812 492.879598594 346.401414403 235.904708648 413.237306969 305.974596016 379.713310219 270.828470391 480.921281375 
7.38333333333 624.948600514 527.92998441 369.110594528 259.712720069 420.42579934 313.510918663 408.602325285 301.115341024 492.104125917 
7.4 572.433977715 472.874331476 382.234841931 273.472011701 425.268481024 318.587923655 420.439710913 313.525503377 496.686339708 
7.41666666667 520.683393833 418.619687083 407.240788708 299.687923646 436.319996417 330.174189792 435.948214708 329.784418646 502.6896315 
7.43333333333 470.313436285 365.812473524 443.044523628 337.224097352 452.68803592 347.334231207 454.888391163 349.641055252 510.021312708 
7.45 430.328894653 323.893196007 504.964492715 402.140193976 478.568863299 374.467356684 483.108657868 379.226818733 520.945286917 
7.46666666667 372.384956073 263.145518464 550.825593124 450.220379888 497.49475026 394.30901237 517.598429576 415.385450362 534.296166287 
7.48333333333 305.18724 192.6963 581.355766684 482.227819911 509.950429167 407.367385417 553.387441272 452.906188431 548.149977267 
7.5 298.027237813 185.189846094 567.000914078 467.178377663 505.334091615 402.527676693 541.241356277 440.172389645 543.448266946 
7.51666666667 340.629094375 229.853082812 551.426595484 450.850463008 498.630020313 395.499214844 522.706005625 420.740167188 536.2732925 
7.53333333333 418.603506642 311.600450512 532.456768767 430.96274145 489.441588667 385.866181667 498.771519382 395.647560642 527.008330083 
7.55 447.748123597 342.155290868 475.445631597 371.193000868 466.779539833 362.107582083 467.801970639 363.179485347 515.020117667 
7.56666666667 479.212858375 375.142512812 406.744936184 299.168078258 439.70444176 333.72239862 418.121802988 311.095438616 495.789085028 
7.58333333333 514.479858262 412.115980436 332.730255647 221.57204221 410.541273243 303.148109045 356.552807555 246.547298243 471.955925505 
7.6 583.897381335 484.892415916 327.843578644 216.448913095 406.047852413 298.437264627 346.68755577 236.204695565 468.137118363 
7.61666666667 619.352759342 522.063376729 349.56119025 239.217376875 412.814393667 305.531219167 373.096434167 263.891422917 478.35991 
7.63333333333 622.738112254 525.61253704 391.564475993 283.25307967 428.341678187 321.809823906 426.898633785 320.296954774 499.186567917 
7.65 538.661475924 437.467676372 406.193937653 298.590418507 435.754113375 329.580925312 438.112206736 332.053119965 503.527305833 
7.66666666667 479.955968094 375.921579453 442.562034031 336.718261484 451.727837937 346.327572031 454.6891575 349.43218125 509.94419 
7.68333333333 440.748181945 334.816642361 497.576365833 394.394577083 475.007950347 370.734141493 477.548413694 373.397530486 518.792934333 
7.7 362.674821014 252.96553816 563.814661292 463.837951354 501.858603038 398.884019314 541.776175176 440.733086878 543.655293617 
7.71666666667 311.811600292 199.641193854 596.5103445 498.11568375 515.454181437 413.137448281 577.927668592 478.633846104 557.6494201 
7.73333333333 287.543116174 174.198428246 598.611234844 500.318230078 516.984111306 414.741407014 587.275092951 488.433565191 561.267777917 
7.75 352.598956889 242.402132222 550.0944475 449.45385625 499.178097944 396.073812361 521.771926111 419.760890278 535.911713333 
7.76666666667 407.340748854 299.792720573 512.189299219 409.714587891 483.112227604 379.230561198 483.610068229 379.752490885 521.13938125 
7.78333333333 452.224292604 346.848048698 482.664923007 378.76161283 468.344516063 363.748282969 468.900834958 364.331520521 515.4454845 
7.8 470.60070349 366.113640755 421.891729816 315.047781259 445.922990094 340.241844453 435.430879604 329.242051198 502.48937275 
7.81666666667 521.43052225 419.402966875 374.178030625 265.025354688 426.38639775 319.759933125 398.197032125 290.206565938 488.0762705 
7.83333333333 600.054538549 501.831371059 338.81520117 227.951420582 409.796356483 302.367147925 358.068141469 248.135954766 472.542506375 
7.85 617.429002847 520.046535243 328.424871215 217.058332726 408.00452559 300.488615538 339.018266563 228.164311719 465.16836125 
7.86666666667 594.757027125 496.277528438 347.854592781 237.428202109 414.957222812 307.777733594 364.773005531 255.165247734 475.137937625 
7.88333333333 535.298408417 433.941879792 394.674368222 286.513450556 430.029174167 323.578972917 431.087310083 324.688308958 500.807991 
7.9 487.852914552 384.200636224 432.393715528 326.057927569 447.572648958 341.971325521 448.75777476 343.21379612 507.648170875 
7.91666666667 442.692307979 336.85483901 482.796318875 378.899366562 469.487463458 364.946534271 474.207183104 369.894627448 517.49955475 
7.93333333333 399.419383976 291.488063846 544.823215573 443.927564714 495.381620729 392.093634635 507.08634401 404.364715495 530.226971875 
7.95 329.938180347 218.644866493 570.000468458 470.323071771 506.013814083 403.240288958 545.832798708 444.985998646 545.2255995 
7.96666666667 301.513553031 188.844853984 587.741944125 488.923005937 510.794645063 408.252450469 574.243061937 474.770952031 556.22312075 
7.98333333333 313.227270833 201.125364583 597.992335667 499.669384167 509.822104882 407.232851892 592.24198141 493.640786962 563.190444417 
8.0 388.016734167 279.533672917 543.965486583 443.028332708 492.019442858 388.568770738 521.303616538 419.269920564 535.730432208 
8.01666666667 437.774730833 331.699314583 490.2841325 386.74949375 472.897575833 368.521652083 472.872956667 368.495841667 516.98308 
8.03333333333 462.605558611 357.731634028 436.946833854 330.831358073 452.462000497 347.097258585 446.856219691 341.220230321 506.912085042 
8.05 503.77400316 400.892100087 354.216745924 244.098201372 418.663367535 311.663207899 368.665922132 259.246531267 476.644873083 
8.06666666667 558.38163649 458.142038255 314.342998937 202.295079531 400.500786469 292.621792266 327.94301249 216.553158255 460.881166125 
8.08333333333 626.677085597 529.742105868 318.292523583 206.435710208 398.332677792 290.348775104 325.589394431 214.085655451 459.970088167 
8.1 611.174042431 513.488915451 371.536337639 262.255837847 428.183774844 321.644280078 397.391694427 289.362260286 487.764526875 
8.11666666667 566.813309375 466.981695313 406.1253015 298.51846125 443.453781 337.6531575 438.221955562 332.168179219 503.56978925 
8.13333333333 492.977172465 389.572842101 420.74785425 313.848556875 443.174949778 337.360834444 445.970400934 340.291549366 506.569187458 
8.15 453.770762694 348.469347986 478.078725528 373.953502569 466.846467111 362.177747778 469.355983417 364.808692292 515.621671 
8.16666666667 392.279070771 284.002251615 541.069980021 439.99272099 492.556885552 389.132218724 517.813265937 415.610682031 534.37932875 
8.18333333333 306.310682153 193.874102257 609.458183819 511.690031424 520.074918299 417.981769184 592.938378542 494.370880729 563.4600175 
8.2 304.52244726 191.99933987 603.143743552 505.070053724 511.856997733 409.3662073 593.81806834 495.293136163 563.800542583 
8.21666666667 331.380037708 220.156491146 574.085481833 474.605747083 501.16796125 398.159959375 558.837182458 458.619626771 550.2595545 
8.23333333333 387.797214878 279.303531727 521.742550597 419.730093368 488.597354688 384.981097656 486.120959191 382.384876571 522.111339042 
8.25 432.861391 326.5482325 489.830376458 386.273781771 472.778153715 368.396451476 472.027406479 367.60937776 516.65577025 
8.26666666667 466.949986875 362.286276562 442.417686406 336.566929297 453.008536094 347.670239453 446.385047031 340.726258984 506.729695625 
8.28333333333 489.005907778 385.409419444 376.863218333 267.840470833 428.881643722 322.375916806 405.859187167 298.239470417 491.042266 
8.3 573.685961153 474.186894757 351.693756458 241.453131771 415.890885226 308.75657322 372.500308472 263.266452431 478.129151667 
8.31666666667 617.92691925 520.568544375 333.898793521 222.79712224 410.709635104 303.324617448 346.399994958 235.903220521 468.0258045 
8.33333333333 612.847942542 515.243810729 323.025355476 211.397550095 414.123616128 306.903791102 328.415896715 217.048923976 461.064218083 
8.35 558.838202014 458.62069566 374.530554444 265.394936111 426.505651736 319.884957465 398.586573819 290.614956424 488.227060833 
8.36666666667 507.033796427 404.309625286 423.008838604 316.218943698 442.286024562 336.428896719 445.991314417 340.313474792 506.577283 
8.38333333333 460.247020701 355.258973316 464.834656236 360.068591215 461.661185375 356.741565312 462.045145778 357.144104444 512.791669333 
8.4 410.25014051 302.842889245 524.273891764 422.383918785 486.575692378 382.861612977 499.62125726 396.53841487 527.337260875 
8.41666666667 353.8412905 243.70457875 563.39519125 463.398184375 503.22281175 400.314238125 532.5964665 431.10919875 540.101858 
8.43333333333 289.813433681 176.578599826 576.745112517 477.394069575 509.478932622 406.873074523 558.708123646 458.484323177 550.20959625 
8.45 310.067530389 197.812733472 589.504952014 490.77132066 506.725934243 403.986866545 579.831231944 480.629517361 558.386283333 
8.46666666667 356.73093774 246.73404763 568.637586719 468.894244141 496.697483865 393.473168568 557.786552417 457.518159792 549.852859 
8.48333333333 430.579087903 324.155495382 505.816262708 403.033178646 478.202796569 374.083577049 482.175856889 378.248882222 520.584202667 
8.5 454.487979878 349.221269227 452.538281917 347.177231042 458.443265681 353.367939826 453.901526292 348.606438854 509.6393005 
8.51666666667 488.757663438 385.149163281 390.399865625 282.032117187 433.922054062 327.660217969 407.918852677 300.398797161 491.839555875 
8.53333333333 540.270545885 439.154604557 316.152700146 204.192346927 403.401945365 295.663329818 335.488116902 224.463348365 463.801851704 
8.55 600.279364111 502.067075278 319.202815333 207.390048333 400.850966667 292.988916667 331.244220594 220.014102236 462.159053133 
8.56666666667 622.730258812 525.604303594 347.388490344 236.939546328 413.2352135 305.97240125 362.509650969 252.792376016 474.261800375 
8.58333333333 595.057188069 496.592213299 401.57429591 293.747245712 442.701404111 336.864375278 434.234806604 327.988103698 502.02637675 
8.6 524.426631024 422.544048654 420.841076632 313.946290017 446.291288177 340.627963411 445.623027205 339.927367231 506.434720208 
8.61666666667 465.1526495 360.40197125 455.999377667 350.805799167 457.874660667 352.771821667 460.455749083 355.477801458 512.176419 
8.63333333333 425.612237333 318.948313333 516.176600056 413.894822639 482.898731681 379.006734826 486.14627209 382.411414288 522.121137583 
8.65 339.155986861 228.308695903 571.852477087 472.26469372 504.920637403 402.094216632 545.00258125 444.115609375 544.904225 
8.66666666667 293.192109688 180.120760156 600.653784889 502.45961319 515.793276552 413.492951224 581.341830406 482.213209297 558.971031125 
8.68333333333 308.664458333 196.341770833 592.806449818 494.232568358 511.593123472 409.089564931 582.69819375 483.635203125 559.496075 
8.7 364.619707194 255.004531736 544.038883174 443.105280746 495.262106257 391.968337205 519.741730837 417.632459748 535.125831292 
8.71666666667 415.995013688 308.865740156 498.818802562 395.697131719 478.17533875 374.054790625 473.978272 369.65464 517.410944 
8.73333333333 455.635605045 350.424424644 463.924735302 359.114641849 461.584674792 356.661352604 460.931363139 355.976429097 512.360527667 
8.75 484.515160806 380.701378264 395.772578958 287.664800521 435.480858708 329.294448646 413.343143014 306.08555316 493.939281167 
8.76666666667 535.569071031 434.225638984 355.567739271 245.514565365 419.032660417 312.050369792 386.090818802 277.514568099 483.389994375 
8.78333333333 620.463619154 523.227987823 360.842743403 251.044811632 418.013441556 310.981833889 393.41730509 285.195561788 486.226053583 
8.8 620.966079081 523.754760326 350.383474722 240.079449306 413.690253781 306.449459609 372.867669344 263.651588828 478.271355875 
8.81666666667 589.6741315 490.94868625 360.938942 251.145665 417.697534333 310.650640833 381.092517333 272.274413333 481.455168 
8.83333333333 524.257635385 422.366875807 405.405664594 297.764003203 434.68179991 328.456725712 436.755953076 330.631241129 503.002304417 
8.85 477.838518368 373.701672483 453.53767434 348.224981163 455.901719271 350.703415365 458.384844028 353.306691319 511.374778333 
8.86666666667 425.808532766 319.154106932 507.223492047 404.508499727 479.03636375 374.957478125 488.897441469 385.295704766 523.186106375 
8.88333333333 361.84760008 252.098290407 568.790152896 469.054192552 504.368345278 401.515200694 538.992038181 437.814233576 542.577563167 
8.9 319.371751483 207.567158813 566.715707759 466.879371037 504.578247354 401.735259323 531.24191009 429.689099288 539.577513583 
8.91666666667 311.373359621 199.18174799 557.806500271 457.539072865 501.731989458 398.751279271 519.257063167 417.124340417 534.938218 
8.93333333333 353.56461733 243.414518168 550.339360955 449.710620356 498.890777674 395.772589497 511.698097222 409.199618056 532.012166667 
8.95 409.345639195 301.894621736 515.316008194 412.992589236 483.208106083 379.331078958 488.335114278 384.706168194 522.968431333 
8.96666666667 451.866513531 346.472957734 470.131478448 365.621711276 464.491442104 359.708769948 461.861171865 356.951228568 512.720453625 
8.98333333333 470.087937979 365.57606401 414.293102924 307.081478871 443.561673486 337.76627059 433.671221868 327.397248733 501.808214917 
9.0 531.779751049 430.252964809 366.034276913 256.487548377 422.902758434 316.107730616 392.21416 283.9342 485.76032 
9.01666666667 592.179851813 493.575651094 343.592711813 232.960101094 412.18029125 304.866434375 372.48525625 263.250671875 478.123325 
9.03333333333 640.486221608 544.219425879 362.301931066 252.57460515 417.90138409 310.864354288 391.885371632 283.589502517 485.633047083 
9.05 584.765416458 485.802452738 374.39259086 265.25029687 422.597040201 315.787219566 408.422983826 300.927321754 492.034703417 
9.06666666667 523.148261958 421.203823021 395.925916583 287.825557708 431.915579063 325.556655469 427.186453177 320.598700912 499.297981875 
9.08333333333 477.372713444 373.213328611 435.218432945 329.019324861 449.377075 343.8630625 450.460456111 344.998865278 508.307273333 
9.1 436.568013316 330.434207509 494.338728524 391.000279905 474.19507276 369.88193112 478.666176389 374.569378472 519.225616667 
9.11666666667 385.605429908 277.005692646 545.158791154 444.279377823 495.32100475 392.030085625 510.927420517 408.391650542 531.7138402 
9.13333333333 315.493628435 203.501384649 576.069696659 476.685972304 507.986583042 405.308514479 548.964330186 448.26905584 546.437805233 
9.15 297.346846497 184.476532618 577.452350156 478.135528389 509.505398333 406.900820833 558.007274311 457.749561778 549.938299733 
9.16666666667 321.362348313 209.654074844 565.12072875 465.207215625 504.594156812 401.751938594 545.804530906 444.956363047 545.214657125 
9.18333333333 406.098269931 298.490121702 536.736452778 435.449506944 491.366275764 387.883998785 503.82728441 400.947959462 528.965400417 
9.2 442.605784934 336.764129366 484.472468962 380.656620686 470.438675746 365.94377296 472.185976323 367.775620338 516.717152125 
9.21666666667 473.077982917 368.710788542 420.053958 313.121085 445.001368167 339.275627917 429.075767358 322.579433521 500.0293293 
9.23333333333 507.657849462 404.963874436 340.700902 229.928365 413.655232285 306.412743524 361.459706404 251.691627681 473.855370221 
9.25 571.697578291 472.102299821 324.289820181 212.723198576 404.512941771 296.828084115 340.94361269 230.182819755 465.913656525 
9.26666666667 617.928799432 520.570515534 337.251859115 226.312432943 407.674505833 300.142627083 354.857217656 244.769663672 471.299568125 
9.28333333333 620.189595774 522.940705247 384.574951847 275.925352743 426.653177722 320.039621806 418.175364458 311.151591771 495.8098185 
9.3 552.529166295 452.006384019 404.460033059 296.772615304 435.350110611 329.157374028 436.921740646 330.805050677 503.06648025 
9.31666666667 486.265929937 382.536862031 432.876801875 326.564389063 447.709852375 342.115167813 451.041089125 345.607593438 508.5320345 
9.33333333333 448.539209691 342.984655321 488.113535104 384.473867448 471.031134938 366.564899531 472.554299701 368.161765816 516.859728917 
9.35 375.321106111 266.223740278 553.3564225 452.87366875 497.579259167 394.397610417 532.157210278 430.648688195 539.931823333 
9.36666666667 315.183031448 203.175758776 599.02547525 500.752514375 515.716871885 413.412849557 580.538739563 481.371259219 558.66015725 
9.38333333333 295.476810118 182.516010608 601.323358 503.161585 515.64505016 413.337552587 591.196299958 492.544508021 562.7856645 
9.4 342.607897354 231.927634323 560.193299094 460.041361953 501.777551493 398.79904592 536.083286653 434.764736007 541.451594833 
9.41666666667 398.663875333 290.695998333 516.909780625 414.663479687 485.662347667 381.904074167 485.282481417 381.505827292 521.786767 
9.43333333333 444.615137014 338.87070816 487.740002865 384.082261068 470.793136528 366.315385069 471.537772674 367.096051996 516.466234583 
9.45 468.241496819 363.640278924 431.862702535 325.501220399 449.494950778 343.986641944 440.642614674 334.705966996 504.506818583 
9.46666666667 507.077834188 404.355793906 378.898738719 269.974484141 428.809290906 322.300063047 404.135316562 296.432186719 490.37496125 
9.48333333333 588.584510778 489.806341945 344.418999805 233.826370764 412.38397675 305.079975625 363.553721389 253.886965972 474.665956667 
9.5 613.710945083 516.148571458 329.447042396 218.129963802 409.186629753 301.72791829 340.884649441 230.121003446 465.890832042 
9.51666666667 604.089104375 506.061157812 337.604356563 226.681986719 413.509729479 306.26020026 349.870478542 239.541630729 469.3692175 
9.53333333333 546.084270062 445.249637969 386.862047136 278.323113932 427.797818816 321.239648759 419.443715035 312.48131415 496.300792917 
9.55 496.50859968 393.275144826 426.985849917 320.388391042 444.885968083 339.154643958 446.443678472 340.787727431 506.752391667 
9.56666666667 450.037476719 344.55541914 472.405558042 368.005826979 465.154255365 360.403654818 468.593779313 364.009607344 515.32662425 
9.58333333333 406.113051979 298.50561901 534.624311695 433.235165486 491.12170191 387.627590712 502.341534708 399.390318646 528.3902715 
9.6 342.051381371 231.344190147 566.175958524 466.313504905 504.43187375 401.581803125 539.75913684 438.618449913 542.874504583 
9.61666666667 298.065052 185.22949 586.0811695 487.18187125 510.954049 408.4195675 571.842761 472.2545075 555.293972 
9.63333333333 312.219758132 200.069101267 596.311202438 497.906905781 508.874054701 406.238928316 589.43299983 490.695886918 562.103096708 
9.65 374.439374188 265.299343907 553.684756201 453.217889566 494.396555472 391.06090493 535.268818916 433.910858541 541.136317 
9.66666666667 434.038281136 327.782068932 498.530857125 395.395253437 476.011324979 371.78606651 476.627457729 372.432012135 518.43643525 
9.68333333333 458.097631181 353.005581076 445.520545833 339.819927083 455.805032639 350.602050347 450.930747639 345.491912847 508.489321667 
9.7 496.980955615 393.770356693 369.10129033 259.702965668 424.775626771 318.071221614 382.875792118 274.143975607 482.145467917 
9.71666666667 546.881540334 446.085485834 311.962900313 199.799814844 400.237769875 292.346049062 326.395397875 214.930659062 460.2820895 
9.73333333333 614.340959806 516.809070764 317.730035365 205.846004818 398.797107521 290.83567724 326.132756187 214.655308906 460.18042175 
9.75 614.310115667 516.776734167 361.530738889 251.766097222 422.765270528 315.96359007 383.219779528 274.50460757 482.278624333 
9.76666666667 580.233233593 481.050970703 404.610047656 296.929888672 444.775173437 339.038488281 437.584553906 331.499935547 503.323053125 
9.78333333333 506.512227993 403.76281967 419.302566007 312.33333533 444.059018542 338.287680729 444.980851118 339.254118108 506.186135917 
9.8 459.94648625 354.943896875 468.0312165 363.41982375 462.728755087 357.860791623 465.311006219 360.567990391 514.055873375 
9.81666666667 407.795337375 300.269305312 528.96911775 427.306333125 487.728292292 384.069983854 503.428565209 400.529947396 528.8110575 
9.83333333333 320.674862281 208.933323359 596.575686688 498.184187657 514.885205608 412.540941363 578.643132726 479.383929471 557.926373958 
9.85 303.713270729 191.151009635 604.770682431 506.775715451 513.386394896 410.969607552 594.198128125 495.691585937 563.9476625 
9.86666666667 321.562126198 209.863519401 583.847087979 484.83968901 502.832596667 399.905141667 573.112211968 473.585383515 555.785372375 
9.88333333333 377.780801111 268.802452778 531.406503944 429.861657361 490.615169444 387.096548611 500.298129666 397.248039166 527.599276 
9.9 424.69099634 317.982496163 494.633392028 391.309201319 475.423130764 371.169411285 473.723375146 369.387409427 517.31227425 
9.91666666667 463.211820875 358.367231563 453.586658 348.276335 457.111007312 351.971217344 453.491639125 348.176718437 509.4806345 
9.93333333333 486.187657951 382.454802691 387.171618194 278.647664236 432.600928246 326.27516671 411.496707882 304.149774392 493.224532083 
9.95 558.668479598 458.442760868 356.00787275 245.975995625 418.231756472 311.210712431 379.358664083 270.456663958 480.783999 
9.96666666667 621.880567542 524.713498229 338.05014851 227.149349245 410.748953438 303.365838281 352.755061802 242.565790599 470.485830375 
9.98333333333 612.998184472 515.401322431 326.080565535 214.600592899 413.924473958 306.695013021 333.15659884 222.019014913 462.899328583 
10.0 568.633919892 468.890399887 364.249654597 254.616573368 424.365712372 317.641472648 384.079465823 275.405891589 482.611406125 
10.0166666667 515.066488333 412.730995833 415.9069175 308.77338125 438.929765 332.9102375 443.575825417 337.781107292 505.642255 
10.0333333333 468.663466451 364.082666441 458.886419938 353.832537031 458.722863292 353.661066354 459.759430851 354.747790408 511.906876458 
10.05 418.119965736 311.093512465 514.629547209 412.272912396 482.452514667 378.538926667 493.777830563 390.412241719 525.07528925 
10.0666666667 363.720089562 254.061384218 562.254464875 462.202261563 502.51658525 399.573839375 528.973154531 427.310565234 538.699285625 
10.0833333333 301.718399416 189.059612291 571.414029278 471.805030694 507.122662556 404.402791389 549.159287292 448.473446354 546.5132725 
10.1 305.204636597 192.714538368 584.485871181 485.509381076 507.207289757 404.491513455 571.770226597 472.178463368 555.265894167 
10.1166666667 342.925033167 232.260115417 580.356803146 481.180519427 501.341784062 398.342192969 571.750809187 472.158106406 555.25837775 
10.1333333333 417.015768556 309.935886389 516.779314434 414.526700616 481.482019948 377.521472526 496.56274301 393.331907994 526.153319875 
10.15 451.510190167 346.099392917 461.035315611 356.085411528 461.572015167 356.648080417 457.877665944 352.774972361 511.178451333 
10.1666666667 479.500765063 375.444350469 404.061489739 296.35478763 439.548505948 333.558917526 422.55709162 315.745337989 497.50597095 
10.1833333333 533.292195625 431.838592188 333.640365034 222.526189149 410.578158507 303.18677908 354.72782893 244.634014201 471.249482167 
10.2 589.433828542 490.696755729 320.152650059 208.385842804 402.282243878 294.489449227 335.640279961 224.622874153 463.860753533 
10.2166666667 627.489322625 530.593644687 338.1306455 227.23374125 407.690941 300.1598575 350.7110965 240.42292375 469.694618 
10.2333333333 600.408304198 502.202254401 391.348224084 283.026363959 433.722887889 327.451414722 420.753210792 313.854172605 496.8076945 
10.25 538.719437097 437.528442118 418.592644695 311.589062986 444.305074583 338.545642708 445.007148375 339.281687813 506.1963155 
10.2666666667 471.481629844 367.037192578 445.349795573 339.640914714 453.461119948 348.144722526 455.930570261 350.73366237 510.424736875 
10.2833333333 431.86310575 325.501643125 505.933045306 403.155612014 478.690756806 374.595148264 482.063830639 378.131435347 520.540837667 
10.3 357.898699451 247.95831394 559.279538003 459.083386616 500.070213899 397.009095217 529.218088976 427.567351346 538.794098958 
10.3166666667 291.280149813 178.116286094 597.364693327 499.011372036 515.245680604 412.918858698 572.886648542 473.348905729 555.6980575 
10.3333333333 302.146369594 189.508290703 589.648219709 490.921520662 513.133152559 410.704111554 572.86550934 473.326743663 555.689874583 
10.35 350.778617084 240.493711459 551.509496319 450.937375173 499.142007917 396.035976042 528.204395972 426.50460868 538.401701667 
10.3666666667 409.572805688 302.132780156 504.115770625 401.250404687 480.776193219 376.781492891 475.587891781 371.342144609 518.034022625 
10.3833333333 448.109157347 342.533793993 468.937045972 364.36948368 464.258897757 359.464973455 462.485556965 357.605825851 512.962151083 
10.4 479.887098042 375.849376979 407.336258622 299.788013072 439.845991851 333.870797908 420.883334583 313.990592708 496.858065 
10.4166666667 519.045795067 416.902849667 350.842648617 240.560841292 417.7313915 310.68613625 380.800461167 271.968225417 481.342114 
10.4333333333 599.012001337 500.738388499 359.141904238 249.261673798 418.05915224 311.02975638 394.689483629 286.529297353 486.718509792 
10.45 616.074910921 518.62692274 362.026229972 252.285563681 418.175986181 311.152243576 396.167834986 288.07918184 487.290774833 
10.4666666667 595.835355343 497.408033828 368.692714636 259.274620182 420.618525479 313.71297026 399.450854573 291.521057214 488.561621125 
10.4833333333 534.114713458 432.70090927 400.814246736 292.950419965 433.094057195 326.792156736 432.586758986 326.26031184 501.388422833 
10.5 484.965506739 381.17351513 445.139065 339.4199875 452.198693708 346.821211146 455.469786691 350.250582821 510.246369042 
10.5166666667 436.9896765 330.87627375 497.295616594 394.100243204 474.927585 370.6498875 480.271268125 376.252135938 519.8469425 
10.5333333333 369.789949538 260.424947097 559.718652271 459.543748348 500.509937167 397.470095417 533.179389424 431.720327622 540.327505583 
10.55 317.121156033 205.207663583 575.415660747 476.000289493 507.500595611 404.799011528 542.874887639 441.884962847 544.080601667 
10.5666666667 291.413850552 178.256456224 566.821567 466.9903525 504.827673677 401.996754661 530.531699552 428.944523724 539.302593375 
10.5833333333 357.046791466 247.065184601 545.701339333 444.848178333 497.177706049 393.976627309 508.523367632 405.871272517 530.783239083 
10.6 409.207778212 301.750090061 517.396867048 415.174134809 484.517105087 380.703416623 488.566942396 384.949213802 523.05817125 
10.6166666667 450.072233208 344.591857396 481.131195208 377.153672395 468.348717208 363.752687396 467.691577916 363.063751041 514.977385 
10.6333333333 467.834369837 363.213452248 423.43690092 316.667718706 446.850097837 341.213812248 437.922942048 331.854697309 503.454042083 
10.65 521.372514362 419.342152153 375.266578402 266.166574132 426.762960993 320.15471717 400.356589603 292.470618132 488.912228233 
10.6666666667 588.355625453 489.566381524 340.380727219 229.592697891 410.904768156 303.529192422 366.276519191 256.741512055 475.719942913 
10.6833333333 635.69122125 539.192409375 347.952118889 237.530447222 412.444269167 305.143185417 368.007969306 258.556742014 476.390181667 
10.7 601.38567096 503.226913103 365.155568243 255.566321545 418.842325153 311.850824757 391.721547041 283.41775093 485.569631113 
10.7166666667 530.949209166 429.382235416 389.976779563 281.588559219 429.092164938 322.596624531 424.437219792 317.716440104 498.2337625 
10.7333333333 485.280284722 381.503524305 429.124157261 322.63016487 446.61599574 340.96838263 446.750420243 341.109311545 506.871130417 
10.75 443.022239041 337.200734479 483.611866875 379.754376563 469.766948264 365.239542535 473.953219264 369.628375035 517.401246167 
10.7666666667 397.949059088 289.946594205 540.784454844 439.693380078 493.616317656 390.242913672 504.942141823 402.116761589 529.396958125 
10.7833333333 328.234339467 216.858581699 569.795472046 470.108156177 505.592500188 402.798588906 542.739580432 441.743108518 544.028224683 
10.8 300.504676039 187.787160364 582.17748111 483.089294712 511.241113844 408.720522578 564.311675917 464.359015075 552.378713258 
10.8166666667 308.267245001 195.925337501 579.5751685 480.36106375 510.6686475 408.12035625 567.251258 467.440835 553.516616 
10.8333333333 390.79004691 282.441178212 542.122896958 441.096585521 493.899589305 390.539892014 513.508292923 411.097403871 532.712887583 
10.85 437.716074097 331.637819618 493.013295 389.6107125 473.888157153 369.560164757 476.006928576 371.781457378 518.196230417 
10.8666666667 466.439446261 361.75103237 433.929038104 327.667539947 450.625540906 345.171938047 441.326806739 335.42326513 504.771667125 
10.8833333333 502.313031931 399.360436702 353.337431138 243.176339097 418.547524625 311.541759687 370.798129902 261.481910381 477.470243833 
10.9 559.710634907 459.535343047 321.87770017 210.194363082 403.726373819 296.003456424 338.038758055 227.137407639 464.789196667 
10.9166666667 619.079635521 521.77703724 325.330171355 213.813889323 402.369754188 294.581193906 337.353431584 226.418920209 464.523909 
10.9333333333 615.324333733 517.8400273 374.998271789 265.88528494 424.768078594 318.063308203 404.959484931 297.296234202 490.693994167 
10.95 564.821083611 464.893071527 402.604133778 294.826914445 436.151579444 329.997623611 435.830917167 329.661445417 502.644226 
10.9666666667 492.597553031 389.174853984 422.902123688 316.107065157 443.620159938 337.827587031 447.167610063 341.546687969 507.03262325 
10.9833333333 454.648097784 349.389134774 478.807268153 374.717297257 467.107050097 362.450939618 469.147532958 364.590155521 515.5409805 
11.0 389.190303749 280.764028124 542.286139084 441.267726459 493.080716556 389.681396389 521.057059546 419.011433395 535.634990792 
11.0166666667 315.902693542 203.930243229 601.735655417 503.593832292 516.759204583 414.505617708 582.970315625 483.920492188 559.6014125 
11.0333333333 301.537471899 188.869930217 601.769787493 503.62961592 514.14010909 411.759791788 591.143298031 492.488941484 562.765147625 
11.05 332.7379475 221.58010625 570.030395944 470.354447361 503.585507444 400.694483611 550.407357409 449.781906961 546.996396416 
11.0666666667 390.082703657 281.699608672 521.546930156 419.525007422 488.241357469 384.607874766 486.763535156 383.058544922 522.360078125 
11.0833333333 436.088772584 329.931777709 491.97653875 388.523790625 473.12182725 368.756754375 473.45279875 369.103740625 517.207535 
11.1 465.658101163 360.931880252 442.127490885 336.262692057 453.169672587 347.839172873 446.280242812 340.616383593 506.68912625 
11.1166666667 492.120092001 388.674290001 382.97283525 274.245714375 431.002815062 324.599725469 409.970671312 302.549897343 492.63380825 
11.1333333333 574.813760528 475.36926507 350.127053486 239.81062059 415.128666913 307.957473377 369.796753371 260.432080147 477.082614208 
11.15 612.21543275 514.580695625 330.958875153 219.714949757 409.683114236 302.248426215 343.199955375 232.548340312 466.7870795 
11.1666666667 613.640804031 516.075036484 327.078481907 215.646795547 412.231337271 304.919950365 334.78965473 223.731089636 463.53147925 
11.1833333333 556.56604302 456.238593489 377.986267605 269.017861198 425.816831736 319.162807465 406.034022431 298.422765452 491.109944167 
11.2 505.183886604 402.370203698 421.406506837 314.539079749 442.076432163 336.209162752 444.27122549 338.510155755 505.911442125 
11.2166666667 457.808258666 352.702206666 462.242028501 357.350513751 460.874256834 355.916559584 462.622264167 357.749147917 513.01507 
11.2333333333 412.803002027 305.519276319 524.069861605 422.170016198 486.677281639 382.968117847 497.261939184 394.064936242 526.423976458 
11.25 353.918607298 243.785636683 562.584393785 462.548154775 502.919710757 399.996470955 533.551367466 432.110304601 540.471497083 
11.2666666667 293.636504375 180.586657813 584.162595 485.1704625 511.507071562 408.999349219 569.040320313 469.316464844 554.20915625 
11.2833333333 310.204069889 197.955879722 594.129573778 495.619714445 508.488909194 405.835146736 586.072020195 487.172279236 560.802072333 
11.3 360.86092415 251.063872093 564.077934281 464.113963359 496.873724677 393.657937161 549.630030902 448.966967881 546.695495833 
11.3166666667 430.659137438 324.239418281 506.747040937 404.008994531 479.087830208 375.011434896 480.36410925 376.349469375 519.882881 
11.3333333333 453.966963094 348.675041953 453.961166093 348.668964453 459.048382882 354.002336892 454.911067125 349.664828437 510.0300905 
11.35 489.648068473 386.082652431 384.166499722 275.497136805 431.037952916 324.636563541 397.893295416 289.888132291 487.958695 
11.3666666667 535.914711344 434.588003829 309.534121677 197.253514662 400.029330396 292.127523802 325.008980031 213.477156484 459.745411625 
11.3833333333 602.395076438 504.285160782 316.704280993 204.77061717 399.108795514 291.16244691 326.213450479 214.73990776 460.21165825 
11.4 618.398342278 521.062778194 351.322249122 241.063648273 416.958548153 309.875897257 368.944980903 259.539092883 476.752895834 
11.4166666667 593.623492749 495.089145624 402.967614375 295.207982813 446.050499875 340.375524062 437.0081215 330.89561125 503.099918 
11.4333333333 520.018958992 417.923102169 417.83543342 310.795212457 445.044531684 339.320879991 444.13832257 338.370822049 505.859995833 
11.45 466.17875402 361.477725989 457.830893403 352.725936632 458.537438084 353.466668959 461.121652118 356.175925608 512.434187917 
11.4666666667 423.719530072 316.964023463 517.129731438 414.894073282 483.025603271 379.139745365 488.908242063 385.307027969 523.19028725 
11.4833333333 335.225006888 224.187507221 583.233457834 484.196367084 509.508072945 406.903624861 563.070644501 463.057933751 551.898314 
11.5 301.21213551 188.528851745 606.290401889 508.368969722 515.076486479 412.74147776 594.010806212 495.495200061 563.875150792 
11.5166666667 312.030557813 199.870746094 593.650535729 495.117497135 504.502256667 401.655591667 587.359224583 488.521767708 561.300345 
11.5333333333 367.975248053 258.522437474 541.241041788 440.172059939 492.573147528 389.149267569 514.592731263 412.234315034 533.132670166 
11.55 416.840022237 309.751636216 499.81697393 396.743601701 478.187957042 374.068019479 475.489013514 371.23848191 517.995747167 
11.5666666667 459.040679813 353.994261094 465.095046656 360.341581171 461.382566094 356.449464453 461.146909906 356.202405546 512.443965125 
11.5833333333 482.99386982 379.106476424 397.781693909 289.771130711 436.432894757 330.292550955 417.650115743 310.600927795 495.606496417 
11.6 543.165169272 442.189290365 359.185413976 249.307288845 420.112139618 313.182081858 385.230593021 276.612718489 483.05700375 
11.6166666667 627.476528667 530.580231667 343.865051333 233.245618333 411.332384417 303.977499792 361.819564166 252.068897916 473.99467 
11.6333333333 614.953047055 517.450775139 330.166127007 218.88384283 413.410883503 306.156571415 339.604325868 228.778728732 465.395222917 
11.65 578.548742138 479.284971597 353.92076223 243.787895886 421.685960965 314.832055851 369.84279666 260.480351338 477.100437417 
11.6666666667 522.813626645 420.852995677 408.230728178 300.725763412 435.391822834 329.201104584 441.013899844 335.095217578 504.650541875 
11.6833333333 476.856693472 372.67233993 452.391293264 347.023130035 455.607911389 350.395390972 457.402710208 352.277034896 510.9945975 
11.7 426.588131541 319.971428229 505.129646077 402.313338629 478.403818007 374.29432533 487.499114459 383.829716771 522.6448185 
11.7166666667 372.466724062 263.231242968 563.057193988 463.043832406 502.553953813 399.613016094 528.150992856 426.448621542 538.381029493 
11.7333333333 313.467470781 201.377187109 567.27935246 467.47028887 505.264463462 402.454679436 540.936909403 439.853211471 543.330416543 
11.75 300.250422834 187.520604584 577.896257067 478.600914667 507.106311778 404.385649444 561.002094945 460.889293088 551.09758514 
11.7666666667 328.420109272 217.053340365 591.58104677 492.947871614 507.473992552 404.771121224 584.268863645 485.281873176 560.10407625 
11.7833333333 403.179771487 295.430405591 527.853985319 426.137242673 485.647560882 381.888571892 510.425302235 407.865236215 531.519471833 
11.8 448.829322222 343.288805556 469.661031812 365.128501093 464.749816663 359.979646502 461.944205472 357.03827993 512.752595667 
11.8166666667 469.394980126 364.849575938 416.099256483 308.975026958 444.505000041 338.755241979 435.214653958 329.01536302 502.4056725 
11.8333333333 525.748636573 423.930022214 350.382511526 240.078439503 417.38551858 310.323527543 373.294581753 264.099158289 478.436612291 
11.85 579.569038681 480.354637327 322.749261188 211.108096406 404.342539722 296.649436806 343.072386285 232.414598524 466.737697917 
11.8666666667 629.660094719 532.86945414 330.831525001 219.581437501 404.598733625 296.918027188 343.149527094 232.495471954 466.767558875 
11.8833333333 606.176040305 508.249074514 382.312183056 273.553095139 426.009960445 319.365281111 409.239796584 301.783657709 492.350889 
11.9 554.851931496 454.441541084 416.34421308 309.231836294 440.590000031 334.650806484 444.562166302 338.815174349 506.024064375 
11.9166666667 477.850963145 373.714719427 434.530123584 328.297710209 448.970303979 343.436609011 451.23815225 345.814191875 508.608317 
11.9333333333 438.099004288 332.039278689 495.512697987 392.231054341 474.426078733 370.124114801 477.860553125 373.724773438 518.9137625 
11.95 376.331766044 267.28330311 548.602931756 447.890170389 496.040076875 392.783951563 516.176950528 413.89519007 533.745916334 
11.9666666667 293.928742925 180.893036938 593.734068523 495.205071838 513.819168135 411.423321432 565.382555816 465.481711742 552.793247412 
11.9833333333 301.561995117 188.895640042 582.083594682 482.990865392 510.204416257 407.633662205 555.33366521 454.946584495 548.903354275 
12.0 338.276171879 227.386309228 554.581324251 454.15783994 500.220662819 397.166823923 526.257289384 424.463287257 537.647982987 
