2 483.8293193452646 184.2174388298228 511.5656469131353 302.4503200832996 722.1359812667364 343.0744523837043 492.1329491236389 236.7888752709794 512
2.1 496.8737347055778 132.8803303443971 515.606287799018 350.3782900047011 719.7251335668632 323.3511278760684 524.9194325739732 185.2609198938632 512
2.2 511.1305454521624 101.7318313637045 526.4149906468546 389.2979645675102 705.0205030267849 289.373508300795 567.0583523610194 143.9456248210608 512
2.3 524.8390996310352 90.98131516695031 541.7253755538127 416.3648305311642 681.5969136552628 247.147757147828 612.4269196952138 115.7590853413217 512
2.4 536.2387452882125 100.8381550333397 559.2710626170597 428.7343746550999 653.0291894610582 202.6800379071115 654.9023457869927 103.6173967433949 512
2.5 543.568830469711 131.5117242420778 576.7856719337633 423.5620836987547 622.892154452932 161.9765140685896 688.3618418467925 110.4366543160298 512
2.6 545.0687032215471 183.21139607237 592.002823601091 398.0034444215653 594.7606326396456 131.0433491222063 706.6826190850494 139.1329533479757 512
2.7 539.6173321981763 254.351196711311 603.0391572003309 351.1746592987813 571.7421423593042 114.5603355722357 705.5319065192139 190.529662854806 512
2.8 528.6521684878095 336.1637639775541 609.5433902492538 290.034793668901 555.0749792673899 111.9017819802728 687.7370043947926 257.0792467593917 512
2.9 514.2502837870964 418.0863885976425 611.5472597497512 223.5036285862352 545.5301333487289 121.1156259222424 657.9152307643062 329.1414427114274 512
3 498.4887497926869 489.556361298119 609.0825027037145 160.5009451050947 543.8785945881473 140.2498049740695 620.6839036802753 397.0759883606083 512
3.1 483.4446382012305 540.0109728055264 602.1808561130348 109.9465242797904 550.8913529704712 167.3522567116789 580.6603411952207 451.2426213566293 512
3.2 471.1950207093773 558.887513846408 590.8740569796039 80.76014716463274 567.3393984805268 200.4709187109958 542.4618613616631 482.0010793491856 512
3.3 463.4055412937905 539.1729134706804 575.5608021017296 79.30868638178063 593.1362759220907 237.3151481865061 510.1593258438855 482.4965787595288 512
3.4 460.0961330511883 488.0526540217566 558.1076274633861 101.7473808247837 624.7657493747397 274.2399809069389 485.6377707532223 457.0162510951388 512
3.5 460.8753013583028 416.2618561664223 540.7480288449641 141.6785609550395 657.8541377370016 307.2618722795848 470.2357758127695 412.6327066350522 512
3.6 465.3515515918657 334.5356405714643 525.7155020268544 192.7045572339458 688.0277599074034 332.3972777117341 465.2919207456237 356.4185556583056 512
3.7 473.133389128609 253.609127903669 515.2435427894479 248.4277001228999 710.9129347844724 345.6626526106771 472.1447852748813 295.4464084439359 512