 0 0
 0 0
 0.01295322190021952 1
 0.08189945623454047 5
 0.5160692280439547 3
 0.5201535814447791 13
 0.537877325646928 14
 0.880561990823446 109
 1.008183718152255 4
 1.236519568811003 21
 1.361629476560862 2
 1.710998368886483 9
 1.885467075740679 8
 2.118028373874375 17
 2.352105804024414 6
 2.353098756806201 24
 2.400339844465453 20
 2.592399961328622 40
 2.623401999368476 48
 2.62969261472711 11
 2.730202728795267 25
 2.739584381076428 16
 2.822286797079703 12
 2.861837655951803 26
 2.900345232403774 7
 2.925795322341198 15
 2.978508808438909 10
 3.057761374486445 52
 3.229739043546712 49
 3.314679960402701 77
 3.353172815420703 46
 3.444475916578368 27
 3.513388217461931 18
 3.518169671615139 83
 3.559454758431821 19
 3.605048815055952 50
 3.770099710333615 30
 3.837953055161923 23
 3.843606572358159 29
 3.843656796898459 31
 3.864990553223183 106
 3.882942975322443 39
 3.914116376426445 70
 3.933951098756953 37
 3.939281102298088 53
 3.944795516825355 22
 3.951587012275921 45
 4.053508093648509 78
 4.263102161729325 28
 4.5207547055816 90
 4.536905388878761 54
 4.53806659662164 108
 4.547097844262664 35
 4.548037680100625 98
 4.667418219259964 96
 4.6775010018729 72
 4.729710767399587 80
 4.803708069784455 75
 4.807635533930316 63
 4.838433479338613 42
 4.841439082348167 51
 4.858520907002964 111
 4.880312164353068 91
 4.904248103070814 64
 4.933545991782529 76
 4.991933847683748 110
 5.031656945180035 100
 5.044763076708986 36
 5.045668023363993 34
 5.063928184099934 66
 5.065609850521954 33
 5.099677918811516 67
 5.128655801355579 32
 5.137961629348619 61
 5.181269417022103 107
 5.213782957154796 104
 5.217853500150826 55
 5.218388541373463 44
 5.235803738920831 97
 5.257309928300065 43
 5.264365986426291 101
 5.273357760502236 95
 5.277473426431334 85
 5.28616499420609 41
 5.295937673316485 84
 5.310054382479496 113
 5.347212244360257 62
 5.438344590476348 93
 5.442814014223968 115
 5.504436030085225 94
 5.612503467671077 71
 5.668853541140752 86
 5.687279637488098 92
 5.688646506059499 89
 5.740609713851849 82
 5.748815672853999 103
 5.757586926327853 120
 5.805024089216253 68
 5.814894121753155 38
 5.817788140043329 58
 5.898588494678133 99
 5.945307886542814 73
 5.957191659149464 56
 6.017263030861989 102
 6.028656746523674 119
 6.049366461909746 74
 6.05251340998019 57
 6.064210999159369 123
 6.124328524506702 47
 6.142001826302257 81
 6.191269446665124 69
 6.19890584190724 122
 6.216848214008065 127
 6.240369179715057 87
 6.242965453787897 134
 6.253047993865176 133
 6.302868817386399 118
 6.324497300934903 60
 6.331174107040312 105
 6.347940749035822 112
 6.349644818161427 131
 6.403808452832077 79
 6.483026786444706 124
 6.499138732205902 117
 6.511870689043449 59
 6.519485795812916 88
 6.550369639050924 132
 6.582259658767174 143
 6.590895691479879 116
 6.653661686306513 65
 6.67290529456384 135
 6.710195202439566 126
 6.757490042885356 129
 6.77483304304942 114
 6.820613591837061 121
 6.823925587516908 128
 6.868774298320093 130
 6.944776237582668 125
 6.968851119114657 138
 7.098628263722496 137
 7.146532350502658 149
 7.158612630353061 141
 7.160454574056276 144
 7.19573513699807 139
 7.213553759010884 163
 7.222304018994633 136
 7.302737981178734 140
 7.360991037308229 148
 7.386106490303192 145
 7.405826512515339 281
 7.426546546790923 151
 7.426978429646008 156
 7.432069977748455 142
 7.477358554767394 153
 7.48509544348831 146
 7.495988267075693 150
 7.514618657967694 155
 7.536081640953725 166
 7.544283203639665 161
 7.550943764502843 147
 7.561792669052045 159
 7.586877590586393 152
 7.587536032201657 179
 7.634917916348887 162
 7.673166304523507 157
 7.684703035373566 158
 7.7275287288113 173
 7.791600931155902 167
 7.792496618691357 202
 7.799713372056341 165
 7.818359398139247 154
 7.840065740751952 180
 7.86231867396205 164
 7.86488885043998 183
 7.873545067002834 160
 7.881496142162673 186
 7.892484048298363 207
 7.90433964897759 182
 7.916584263210348 168
 7.927832439053978 191
 7.929225187588909 184
 7.931635249382834 181
 7.96293362404501 276
 7.967300634132155 171
 7.96982661478753 268
 7.985057601567839 170
 8.029007381650361 192
 8.031882330293739 169
 8.035546955223738 189
 8.042963805696846 174
 8.045136499921746 297
 8.046355213010704 287
 8.067827621417951 299
 8.083956134950157 270
 8.086381200780064 208
 8.103635419602629 175
 8.113831879749 176
 8.129675636913904 172
 8.130878845368571 203
 8.132709544207433 185
 8.134841434631079 252
 8.138081361980658 187
 8.145995216074471 279
 8.151548156905321 280
 8.156826873994655 288
 8.161154489321625 178
 8.16506028428425 291
 8.170658189456784 283
 8.180101218670705 263
 8.181913171449892 206
 8.189916664977027 285
 8.215867763850582 204
 8.218586598613857 259
 8.22995638112619 205
 8.232270473961323 266
 8.241743211921817 195
 8.24402197864694 286
 8.248165571107261 190
 8.270886771437317 200
 8.271820233081003 197
 8.278977192088124 199
 8.284100647055574 271
 8.29018746320061 213
 8.292154263214648 217
 8.294309733735219 256
 8.301965540765545 261
 8.308682816967112 265
 8.312361495263433 298
 8.31266448756495 254
 8.317743016998392 177
 8.327385241346333 194
 8.32914413129941 188
 8.348353174999106 212
 8.350894306439292 211
 8.361975079932094 196
 8.368431569218609 241
 8.371468668114455 258
 8.37321653166587 273
 8.382426125548285 262
 8.382580181153424 255
 8.389424097689574 193
 8.405272625890033 260
 8.411163854391832 292
 8.4119369609702 219
 8.423165895053694 296
 8.423422227963234 198
 8.428085083388174 209
 8.428788178466016 228
 8.430782129264605 290
 8.434314797225776 220
 8.43716239618543 274
 8.445194541081678 223
 8.45020237654494 277
 8.454806996573508 229
 8.463306713121927 233
 8.46749283717558 216
 8.471118981960739 210
 8.483703128314565 253
 8.492619878879173 226
 8.494238040891727 278
 8.497442325568949 250
 8.497989269667348 289
 8.513245659323317 221
 8.519286682032442 293
 8.519666288443862 275
 8.522602935619409 284
 8.525756525637984 224
 8.532929867239362 242
 8.540400651517722 214
 8.545969262017593 272
 8.54730398959115 201
 8.555807030046603 222
 8.560483794850629 215
 8.572071125016391 231
 8.572925203145406 240
 8.582357843185507 235
 8.584376811615151 236
 8.585148351232554 282
 8.589341609251953 269
 8.591465480090468 249
 8.597213154544477 264
 8.600728253054594 225
 8.601793012014593 267
 8.610209842719769 294
 8.632585906919124 243
 8.634671165315389 295
 8.635538433704145 248
 8.640109481193431 239
 8.649498514064298 218
 8.661903141214898 237
 8.701960246175123 230
 8.709197790850261 238
 8.721107834958685 227
 8.725136180794912 257
 8.762095066029497 234
 8.773412759579067 247
 8.777211713183803 245
 8.796877458318054 246
 8.805688135215755 244
 8.811755192266681 232
 8.884006041163747 251