 0 0
 0 0
 0 0
 0.01831193889833968 1
 0.1301972758915753 11
 0.1636914093543561 3
 0.3598479133741949 7
 0.6517313579904583 13
 0.6991880328184017 2
 0.7169126804410808 5
 0.8400618156487771 137
 1.119488228482874 10
 1.226783571094352 144
 1.256321620342015 9
 1.258212567512159 155
 1.432254819902441 12
 1.635536128686119 171
 1.646820819506309 184
 1.682085696465627 133
 1.784959881639948 158
 1.915835363959011 8
 1.916246194157751 16
 1.959562593968134 68
 2.073396846331576 31
 2.232626050285375 128
 2.244402987396481 14
 2.274867251104871 162
 2.374693766841136 85
 2.423444755453207 67
 2.458144766061695 4
 2.459873499120881 6
 2.571892051066004 23
 2.655512634250743 185
 2.675834337699319 147
 2.938764972930296 172
 3.278841190863962 179
 3.707816902060341 20
 3.974365755073351 25
 4.035314852557983 42
 4.27315002182615 19
 4.310490726580393 24
 4.357418506114858 21
 4.433358175789755 63
 4.469443528663632 17
 4.567968793649199 41
 4.586597548018688 35
 4.629958221864908 46
 4.835748888940746 15
 4.912516043241845 38
 5.039815625567467 28
 5.054647364309074 33
 5.186764663427929 26
 5.204469988257078 18
 5.291456581440782 79
 5.501322428106339 34
 5.562360696922835 57
 5.631206078620195 72
 5.651486664551014 58
 5.707860863121323 76
 5.761306405011283 45
 5.774913886052683 62
 5.78294124432313 29
 5.809139419706256 102
 5.851418876717095 126
 5.912007490207353 60
 6.015791983932927 47
 6.067875429051718 52
 6.110084078886328 32
 6.12973797890921 103
 6.133033359932798 66
 6.179308564824206 87
 6.226565064740123 104
 6.232142280519222 30
 6.235443372615807 84
 6.273563200982931 59
 6.290908833815037 89
 6.318919199169 78
 6.321469427805209 81
 6.373046062955028 37
 6.388531903054221 80
 6.400566480034761 88
 6.412029029347739 98
 6.425906901437213 124
 6.467715636579599 82
 6.475276639139523 94
 6.486085553608405 27
 6.489233528244131 74
 6.509200727308141 61
 6.518828250156103 53
 6.579548230648379 95
 6.591372650139005 50
 6.599546849294093 51
 6.611560978749798 106
 6.612232962021356 54
 6.618244292448084 55
 6.638440039981926 96
 6.666648866467846 150
 6.677957816667473 108
 6.724552372446656 118
 6.749601522175761 107
 6.764243901054455 119
 6.778198896747805 97
 6.782404000111684 44
 6.788013417935888 117
 6.789036725534348 48
 6.794832282666799 39
 6.79914050532001 49
 6.816390906273756 109
 6.829864660859031 100
 6.841350832936032 90
 6.845386722539657 99
 6.855034388936639 77
 6.90533632581789 112
 6.908495040886461 189
 6.909250681178043 83
 6.913596045822287 196
 6.930573741055284 65
 6.943112077476848 186
 7.02290938589372 70
 7.023791731713848 93
 7.026371548117326 120
 7.055476992900787 122
 7.087573539304197 116
 7.119185951867214 127
 7.119951514223679 105
 7.122235597056151 176
 7.133059976523714 75
 7.141667720704855 92
 7.153618294887543 165
 7.162254729560252 135
 7.168507802923655 73
 7.173272236858535 188
 7.179550418870726 169
 7.183366763074549 170
 7.195816115713916 43
 7.213025778083655 153
 7.213210681184693 173
 7.214200389302791 191
 7.215272521643117 130
 7.222806468596941 123
 7.227621452834406 115
 7.227918663775434 178
 7.229744997731537 71
 7.231367039885015 175
 7.236557849429576 40
 7.249796128902457 36
 7.251107515594791 167
 7.251325460727601 198
 7.251981483995746 56
 7.261216705663955 113
 7.291130836398719 146
 7.295114332502526 197
 7.297929606638681 114
 7.299116539414475 86
 7.303560211146392 174
 7.310000597836587 164
 7.318032555092095 152
 7.331127764943379 161
 7.336990585397038 101
 7.349295590159982 132
 7.354875033199322 134
 7.35704629496527 131
 7.360825558678964 192
 7.364866905166057 22
 7.390859180755115 177
 7.437650804526811 111
 7.464915557373341 194
 7.468248581852407 149
 7.4683886430619 190
 7.537370672387643 125
 7.538304875197769 139
 7.541367570207544 180
 7.55486416069015 142
 7.587783174038743 121
 7.593954264085946 136
 7.603713848911222 181
 7.605143839384215 91
 7.616489334315339 166
 7.629662799920568 163
 7.64613488718387 156
 7.652118701980185 183
 7.663352391960332 154
 7.665273569120571 193
 7.665865558309853 187
 7.745302543015965 182
 7.761910042855359 64
 7.782096932991235 110
 7.783403973998961 159
 7.845704101017809 195
 7.874577120907354 160
 7.883263110413258 168
 7.894893506936056 143
 7.89683221131628 151
 8.00514069620694 157
 8.098950466140902 141
 8.314423407039351 140
 8.873017337502816 138
 9.059927126709235 145
 9.230216088706159 69
 9.43745961203555 148
 9.501936322800486 129
 0 252
 0.01831193889833968 1
 0.1301972758915753 11
 0.1636914093543561 3
 0.3598479133741949 7
 0.6517313579904583 13
 0.6991880328184017 2
 0.7169126804410808 5
 0.8400618156487771 137
 1.119488228482874 10
 1.226783571094352 144
 1.256321620342015 9
 1.258212567512159 155
 1.432254819902441 12
 1.635536128686119 171
 1.646820819506309 184
 1.682085696465627 133
 1.784959881639948 158
 1.915835363959011 8
 1.916246194157751 16
 1.959562593968134 68
 2.073396846331576 31
 2.232626050285375 128
 2.244402987396481 14
 2.274867251104871 162
 2.374693766841136 85
 2.423444755453207 67
 2.458144766061695 4
 2.459873499120881 6
 2.571892051066004 23
 2.655512634250743 185
 2.675834337699319 147
 2.715113963161068 199
 2.938764972930296 172
 3.278841190863962 179
 3.707816902060341 20
 3.974365755073351 25
 4.035314852557983 42
 4.27315002182615 19
 4.310490726580393 24
 4.357418506114858 21
 4.4289093953172 211
 4.433358175789755 63
 4.469443528663632 17
 4.567968793649199 41
 4.586597548018688 35
 4.629958221864908 46
 4.835748888940746 15
 4.912516043241845 38
 5.039815625567467 28
 5.054647364309074 33
 5.186764663427929 26
 5.204469988257078 18
 5.291456581440782 79
 5.501322428106339 34
 5.562360696922835 57
 5.573465982594064 214
 5.631206078620195 72
 5.651486664551014 58
 5.707860863121323 76
 5.761306405011283 45
 5.774913886052683 62
 5.78294124432313 29
 5.809139419706256 102
 5.851418876717095 126
 5.912007490207353 60
 5.924870228071403 210
 5.95725632402806 203
 6.015791983932927 47
 6.067875429051718 52
 6.110084078886328 32
 6.12973797890921 103
 6.133033359932798 66
 6.179308564824206 87
 6.187188981309052 206
 6.212355228628517 208
 6.212649694428316 220
 6.226565064740123 104
 6.232142280519222 30
 6.235443372615807 84
 6.237428268963401 229
 6.27299410158505 213
 6.273563200982931 59
 6.290908833815037 89
 6.297523443792987 219
 6.314156458876651 232
 6.318736742233438 221
 6.318919199169 78
 6.321469427805209 81
 6.322120388983228 226
 6.344568230299033 230
 6.348482889348933 222
 6.350580422106395 207
 6.361013330488333 216
 6.373046062955028 37
 6.373753432138566 227
 6.388531903054221 80
 6.388931178719417 212
 6.39533767313881 223
 6.400566480034761 88
 6.403452622910603 209
 6.412029029347739 98
 6.42354440259337 228
 6.425906901437213 124
 6.431231348607372 218
 6.461501654709148 201
 6.464989685501854 225
 6.467715636579599 82
 6.475276639139523 94
 6.486085553608405 27
 6.489233528244131 74
 6.509200727308141 61
 6.518828250156103 53
 6.525557565162114 233
 6.559300268270688 217
 6.565264442041042 204
 6.576723743714637 205
 6.579548230648379 95
 6.580997921030391 202
 6.589850806967376 262
 6.591372650139005 50
 6.599546849294093 51
 6.600901557339689 215
 6.611560978749798 106
 6.612232962021356 54
 6.618244292448084 55
 6.63640677037044 234
 6.638440039981926 96
 6.646475750573975 231
 6.666648866467846 150
 6.677957816667473 108
 6.687341610210282 243
 6.701925891238948 258
 6.703805968880443 259
 6.703814413847031 224
 6.712388998049871 263
 6.718919721479225 200
 6.724552372446656 118
 6.744220387763288 260
 6.749601522175761 107
 6.750598355992692 282
 6.753984978858685 293
 6.7676302415752 237
 6.77395933061599 286
 6.790245363349848 246
 6.79169674743264 240
 6.80222236145401 251
 6.802428635991969 256
 6.811368868139034 239
 6.819544318872008 236
 6.8244860709392 284
 6.827141193281337 285
 6.829820650771989 238
 6.829975947920415 235
 6.832526347810999 291
 6.836260165716139 266
 6.845401374200623 292
 6.84600117227568 269
 6.848061729718909 283
 6.859902068048151 257
 6.866891094887162 298
 6.874968650036512 244
 6.886605359663228 241
 6.890591192329797 267
 6.898083638162784 281
 6.900354924282989 288
 6.903255127075787 295
 6.903941104214839 261
 6.915542490586348 253
 6.919219523462598 280
 6.951489670082574 265
 6.972125623681152 271
 6.973256089729359 264
 6.989760658469383 289
 6.997994297379013 270
 7.000176734249582 276
 7.002933304779656 299
 7.006861690755117 254
 7.009618946765128 297
 7.018260961048018 255
 7.024112186708342 272
 7.029457940130849 287
 7.034870325779464 275
 7.058793572534885 294
 7.087620204330762 274
 7.096894816296103 247
 7.15613665703395 249
 7.164357414165228 279
 7.17155409539334 268
 7.172542093787047 296
 7.192140762717929 278
 7.23945625741871 273
 7.285714773729268 245
 7.294366286050782 290
 7.308395594745771 250
 7.402107774859572 248
 7.413198927231398 277
 7.414300168690058 242
