0.0 770.0 40.0 770.0 40.0 770.0 40.0 770.0 40.0 512.0
0.0164609053498 769.916412263 40.0846980453 769.999711687 49.4905016461 769.995918971 43.5966368107 769.999950247 50.4820338477 510.178986667
0.0329218106996 769.02789358 39.9536897119 769.999058519 54.9660041152 769.970211934 44.4990225514 769.999915802 60.4651030864 508.226352593
0.0493827160494 765.15382358 39.6824351852 769.998740864 54.8410932099 769.952711605 43.0944135802 769.999911975 69.1021854938 506.18566963
0.0658436213992 763.14802535 39.3947300412 769.998586502 50.1593934156 769.940219753 40.6956395062 769.99992856 78.7175526749 504.132845432
0.082304526749 761.356530247 39.1805457819 769.998826337 42.6328816872 769.936137449 39.2893271605 769.999968107 88.4699454733 502.125797531
0.0987654320988 761.848285926 39.012345679 769.999992346 40.3170240741 769.991151605 39.0127790123 770.0 99.632982716 500.148148148
0.115226337449 768.234682675 38.8477366255 770.0 41.0309221193 769.999624938 38.8481766461 770.0 113.282619033 498.172839506
0.131687242798 768.667770535 38.683127572 770.0 41.7768707819 769.999775473 38.6836304527 770.0 123.948768724 496.197530864
0.148148148148 768.879843704 38.5185185185 770.0 43.1623712963 769.999804815 38.5193009259 770.0 134.536313889 494.222222222
0.164609053498 768.981044033 38.353909465 770.0 46.0797078189 769.99977037 38.3556748971 770.0 145.088938272 492.24691358
0.181069958848 769.063962016 38.1893004115 770.0 51.8465212963 769.99966321 38.1944054527 770.0 155.630992798 490.271604938
0.197530864198 769.112114074 38.024691358 770.0 60.5657444444 769.999418272 38.0385740741 770.0 166.156575309 488.296302222
0.213991769547 769.046034321 37.8601170782 770.0 71.8763918724 769.998640082 37.8973075103 770.0 176.635040844 486.321026173
0.230452674897 768.662940658 37.6956604938 769.99996428 82.8577621399 769.995499259 37.7863983539 770.0 186.971498765 484.345851852
0.246913580247 766.838076543 37.531867284 769.99940679 88.352117284 769.967009877 37.7329259259 769.999980864 196.520864198 482.371207407
0.263374485597 753.828338436 37.37181893 769.962218272 83.83018107 769.226525761 37.7097547325 769.997815967 197.8757893 480.398775309
0.279835390947 736.803706132 37.3116458848 768.769314033 79.6587245885 765.3192207 38.4486135802 769.577033704 194.140180556 478.476201481
0.296296296296 725.815860741 37.7877148148 766.299495556 86.9596538889 761.335316296 42.6181055556 767.892137778 195.044140741 476.815137778
0.312757201646 710.865539218 37.9009847737 764.374347078 90.3524436111 756.552111975 44.5814961934 767.059314486 192.1849607 474.979048889
0.329218106996 715.911097942 40.0409279835 759.029954733 121.552284156 751.759395885 56.2960102881 762.063642798 204.078860082 474.104108642
0.345679012346 720.189578889 40.5629382716 757.055333827 138.510723673 750.408864938 60.6182990741 760.646067654 217.57481821 472.4668
0.362139917695 721.561413086 46.7737592593 747.804127572 160.340151646 745.96199786 80.1816487654 748.853144609 228.202567078 473.37726716
0.378600823045 726.07019214 51.1887853909 738.653791235 188.125586728 740.963471111 97.3725960905 739.319815391 241.064213477 473.519000988
0.395061728395 722.905442963 70.6699234568 713.231238519 205.119614815 728.086438519 126.286234568 707.211421235 246.776204938 479.591845926
0.411522633745 720.268218107 122.969593621 658.726967078 240.563253601 694.228154321 181.479925412 646.588904321 249.274791667 497.396876543
0.427983539095 677.445494239 185.321607407 601.85592856 242.961978395 636.215940741 222.759106379 591.209630453 209.925712346 517.796587654
0.444444444444 620.3413 255.752588889 538.517798889 219.771405556 573.067195556 265.895983333 526.529341111 158.622980556 541.170266667
0.460905349794 559.450347325 311.246811111 493.734281646 189.506449383 515.128945679 289.96400823 488.765499588 104.429912757 558.358970864
0.477366255144 498.469110658 335.820383539 474.368770453 141.95472716 476.5726893 290.339095782 474.147905021 53.3513105967 564.643205926
0.493827160494 472.070481481 345.842496914 463.896432099 103.629145062 464.414897531 283.090092593 463.849932099 40.616941358 566.070577778
0.510288065844 460.706697942 355.336889198 453.680601523 95.3886631687 454.123610658 279.469444239 453.640935556 39.6635064815 567.384201975
0.526748971193 447.644986996 364.232158025 443.448826996 76.7173958848 443.702011523 265.496655144 443.426455967 37.5420082305 568.264217284
0.543209876543 436.353391358 373.325853395 433.233914938 67.5667401235 433.418981111 253.598679691 433.217664815 36.646432716 569.241376296
0.559670781893 425.165509218 382.410673457 423.019946914 58.8398442387 423.144041317 239.253162407 423.009146667 35.8230125514 570.159963457
0.576131687243 414.43688251 391.99933179 412.809873663 53.7516296296 412.901942387 229.288275051 412.801925926 35.3093374486 571.36914321
0.592592592593 403.968717037 402.479003704 402.601685926 51.1458185185 402.677325926 226.376078148 402.595256296 34.9688592593 573.114524444
0.609053497942 393.756009424 414.3592357 392.395044362 51.4103432099 392.468065309 236.101788714 392.389049753 34.7949602881 575.739397531
0.625514403292 384.019137778 427.891904115 382.189989794 57.6109006173 382.282242222 266.476865391 382.183057531 34.9231882716 579.427031111
0.641975308642 376.76936679 442.462237346 371.988244444 89.2958435185 372.189943457 319.771158333 371.977199259 36.5944453704 583.820551111
0.658436213992 402.651479835 456.867419753 361.788223868 186.511609053 362.692964609 380.370925926 361.771078189 59.6382427984 588.167683951
0.674897119342 404.094059095 470.255041872 351.58068037 292.80283642 352.489157695 435.470321296 351.564832099 63.1989937243 591.920601481
0.691358024691 399.09711679 482.177991975 341.372116296 398.096519753 342.262780741 474.584772222 341.358614074 64.4806333333 594.775715556
0.707818930041 389.012911193 492.998709259 331.16021749 479.622218827 331.935167737 492.810075514 331.152373086 63.4183662551 596.934704198
0.724279835391 341.868409712 503.53909465 320.946502058 493.075613992 320.95222749 503.536564198 320.946502058 38.6818740741 598.913580247
0.740740740741 321.389585185 514.074074074 310.740740741 499.667787037 310.742635185 514.071486111 310.740740741 35.3128425926 600.888888889
0.757201646091 307.390225021 524.609053498 300.534979424 505.289285391 300.536094403 524.605854321 300.534979424 34.1252699588 602.864197531
0.77366255144 295.818630494 535.144032922 290.329218107 508.177120473 290.330237407 535.139129835 290.329218107 33.6364272634 604.839506173
0.79012345679 284.747034074 545.679012346 280.12345679 502.861249383 280.124681481 545.667777778 280.12345679 33.2991950617 606.814814815
0.80658436214 273.889724198 556.21399177 269.917695473 486.81205535 269.919445761 556.183911214 269.917695473 33.0364547325 608.790099259
0.82304526749 263.328218107 566.748904321 259.711934156 461.807340535 259.714995885 566.672602881 259.711934156 32.8784259259 610.765358025
0.83950617284 253.41202358 577.283677778 249.50617284 433.219984877 249.51332963 577.096782716 249.50617284 32.9680444444 612.740488889
0.855967078189 245.176781728 587.817817284 239.300676872 414.397180658 239.327543539 587.390240329 239.300411523 33.843745679 614.715022222
0.872427983539 245.864541605 598.347955144 229.10093823 423.164105247 229.356921687 597.502937757 229.094853045 39.9289789095 616.686725432
0.888888888889 300.419502 608.8574 219.379584444 463.951311111 225.681471111 607.582605556 218.928706667 91.0642222222 618.647253333
0.905349794239 321.149761914 617.870582305 215.366867901 461.527446502 226.085564403 607.318888889 212.819050617 117.80502572 619.873061728
0.921810699588 361.741729481 627.995195062 209.157981235 488.370936626 228.854937284 614.417920165 203.957482469 161.425312757 621.63986963
0.938271604938 365.204216309 633.062024074 211.729438889 436.00168858 232.022961235 595.39162716 205.562827037 177.90704321 620.991234074
0.954732510288 330.103761728 642.648546502 206.524632016 404.114751029 228.294860412 598.492693004 197.671738765 161.165556379 622.489541728
0.971193415638 310.46194358 640.132606584 214.858683498 361.254326235 225.998347243 563.199192387 211.369583745 155.548003704 618.463504198
0.987654320988 280.561360494 646.677024691 214.408202469 316.195301852 220.744525926 552.11582716 209.25125679 141.386444444 618.512592593
1.00411522634 274.09145 623.6422375 247.765475 292.377805625 232.3019 502.288350625 255.4919925 145.7635375 606.80615
1.02057613169 259.3739675 556.998225 331.33853 213.054730625 270.7532925 399.465906875 359.921305 140.97425625 579.77027
1.03703703704 288.7780875 431.8737125 450.9314925 195.595811875 365.50363 313.414275625 481.8809625 182.7956625 534.56588
1.05349794239 392.0057625 277.95996875 592.457575 198.51471 501.1367675 192.057650625 627.996285 301.44845 478.55543
1.06995884774 517.9513225 156.8193875 693.695205 288.65955375 623.4388975 150.57914375 717.2493925 435.04644375 436.847
1.08641975309 637.789495 66.5756625 759.7220275 377.02136625 726.25745 127.9093375 765.6527925 560.68949375 406.65317
1.10288065844 738.921725 49.70288125 769.69155 487.71782875 767.4762125 152.59585 769.8977 658.3116125 401.66738
1.11934156379 754.8065125 51.11825625 769.8735975 549.75616875 768.926005 184.4619375 769.9583825 669.7870375 402.80519
1.13580246914 758.072905 52.71026875 769.9021175 573.3689625 769.1661775 211.7011625 769.96776 672.0076 403.93202
1.15226337449 762.76305 55.06310625 769.9436575 606.7809125 769.5129125 252.54951875 769.9816325 675.200075 405.62693
1.16872427984 764.90422 56.98434375 769.9614825 625.1898875 769.6638825 288.435848125 769.9875225 676.6377125 407.0933
1.18518518519 766.502735 58.56026875 769.9746575 639.799125 769.7751725 323.210734375 769.99194 677.706475 408.41498
1.20164609053 767.3616675 59.012425 769.98171 648.15398125 769.83446 347.38624125 769.9943425 678.27855625 409.05455
1.21810699588 767.74878 57.68309375 769.9853525 651.7934125 769.86267 355.8926775 769.9957375 678.5383125 408.58406
1.23456790123 767.66198 53.93616875 769.986515 649.89971875 769.8635225 339.853204375 769.9965125 678.49094375 406.5653
1.25102880658 766.4635975 47.87955 769.984655 634.30695 769.81307 288.370718125 769.9969 677.74255 403.01795
1.26748971193 757.594575 41.07884375 769.9762075 557.45262375 769.50927 209.25737375 769.99721 672.2651625 398.90168
1.28395061728 663.5211225 35.32910625 769.97582 403.794655 768.4838675 130.42946875 769.997985 607.16498125 395.35736
1.30041152263 660.59914 31.62183125 769.979385 258.290855 768.524245 67.7394875 769.9986825 606.61264375 393.03455
1.31687242798 656.4396375 30.18906875 769.9848875 121.01443 768.6070925 35.414175 769.99938 606.1821 392.1221
1.33333333333 662.97436 30.0004875 769.9965125 46.53136875 768.94042 30.0300625 770.0 611.28143125 392.00036
1.34979423868 755.45418 30.0 770.0 50.67845 769.9969 30.0050375 770.0 676.2079 392.0
1.36625514403 757.324565 30.0 770.0 50.88848125 769.99783 30.003575 770.0 676.80094375 392.0
1.38271604938 761.69448 30.0 770.0 57.7493125 769.998605 30.00455 770.0 677.9435625 392.0
1.39917695473 763.3181825 30.0 770.0 69.30265625 769.9986825 30.00771875 770.0 678.31455 392.0
1.41563786008 764.4594475 30.0 770.0 92.6237625 769.9983725 30.019175 770.0 678.5370125 392.0
1.43209876543 765.2871475 30.0 770.0 127.56881875 769.9975975 30.049075 770.0 678.65718125 392.00003
1.44855967078 765.6348125 30.00008125 770.0 171.141 769.9954275 30.12228125 770.0 678.61119375 392.00012
1.46502057613 765.0003975 30.00040625 769.9999225 213.17170625 769.98822 30.28526875 770.0 678.17878125 392.00045
1.48148148148 761.4036225 30.0021125 769.9993025 236.14059375 769.9444325 30.62603125 770.0 676.266075 392.00189
1.49794238683 738.5260875 30.0112125 769.9752775 221.71660625 769.2281775 31.12441875 769.9989925 662.09111875 392.00822
1.51440329218 655.444739 30.07353125 768.2442375 180.9183 755.48704 31.8373875 769.763625 591.61974375 392.04161
1.53086419753 632.482109 34.3954625 757.8524175 218.43264375 743.5395625 57.5663375 760.44146 570.24465625 394.13441
1.54732510288 578.4419015 34.54675 756.14548 192.46969375 733.78642 59.17094375 760.1228575 524.9829625 394.21565
1.56378600823 579.061049 41.2983 741.9165575 270.398925 720.6217275 94.2708625 746.165805 518.06379375 397.44395
1.58024691358 619.9730975 42.129325 738.4763325 312.0965875 721.3668125 101.17784375 744.35804 551.9591 397.86611
1.59670781893 623.498185 55.22186875 720.6615625 338.49268125 713.4340675 138.78505625 720.8483375 553.0265625 403.77854
1.61316872428 649.4237175 60.428125 706.485185 403.93386875 704.077415 165.6563 709.6883375 570.04738125 406.27709
1.62962962963 647.1444425 96.10435 659.4633775 427.6635 681.7210675 223.25466875 648.5868415 564.14765625 421.21043
1.64609053498 658.662415 187.48321875 554.948815 509.488425 629.401515 339.57086875 523.6525015 564.23329375 456.96377
1.66255144033 605.19215025 321.11184375 431.53642 518.44973125 513.4099775 424.56096875 402.771024 494.14883125 504.71231
1.67901234568 490.60003025 473.64815625 292.4894075 480.005075 378.14605 532.44471875 259.2719465 367.3790875 559.91927
1.69547325103 367.50089025 589.11350625 198.8198075 398.59379375 259.8515225 574.23785 179.3499475 236.530025 599.51723
1.71193415638 248.27845525 654.21263125 153.5382625 296.76463125 170.4472125 576.7905625 151.3381925 113.60291875 620.7152
1.72839506173 170.84502 660.122675 150.179955 192.0250125 151.5203175 547.98313125 150.0589775 44.13530625 622.08071
1.74485596708 164.953315 658.59655625 150.12493 157.39805 151.0598125 520.78355625 150.04123 40.058425 620.99297
1.76131687243 159.7835225 656.489175 150.0783525 122.7745 150.6718475 484.99155 150.02573 36.52364375 619.50485
1.77777777778 156.67368 654.402025 150.05177 98.3072 150.4475625 447.7758 150.016895 34.422275 617.96885
1.79423868313 154.479965 652.43894375 150.03348 79.3595375 150.2928725 409.908741063 150.0107725 32.94978125 616.44281
1.81069958848 153.1867225 651.16364375 150.02294 67.21290625 150.2034375 378.316222312 150.0072075 32.08674375 615.30725
1.82716049383 152.4758925 651.16526875 150.0169725 60.2648125 150.1541475 357.981792937 150.005115 31.6131375 614.94626
1.84362139918 152.219135 653.16759375 150.014105 58.06204375 150.13392 355.764090437 150.0039525 31.4386125 615.84677
1.86008230453 152.50914 657.683875 150.0137175 62.487975 150.1434525 381.512386875 150.0033325 31.61549375 618.36806
1.87654320988 154.5807925 664.1829 150.016895 87.96919375 150.2288575 443.859330625 150.0030225 32.90785625 622.22321
1.89300411523 173.4215075 670.81980625 150.027745 199.29664375 150.7738375 525.43960375 150.002635 44.5413125 626.2631
1.90946502058 260.40123 676.0332125 150.0248 353.61135625 150.9523975 600.8067625 150.00186 93.684075 629.49161
1.92592592593 264.1724575 679.02654375 150.0208475 498.6773 150.9052775 655.73769375 150.0011625 94.41849375 631.37675
1.94238683128 266.0003725 679.933375 150.0141825 625.64594375 150.7887175 677.9694 150.000465 93.91116875 631.95671
1.95884773663 249.2025575 680.0 150.0002325 665.20705625 150.2142875 679.99390625 150.0 82.5798 631.99997
1.97530864198 163.6634825 680.0 150.0 659.547425 150.002945 679.99545 150.0 33.55875 632.0
1.99176954733 160.7102675 680.0 150.0 657.2254625 150.0017825 679.9962625 150.0 32.67011875 632.0
2.00823045267 157.72458 680.0 150.0 649.61989375 150.0013175 679.99488125 150.0 31.91774375 632.0
2.02469135802 156.3054 680.0 150.0 635.1270875 150.001395 679.99016875 150.0 31.60769375 632.0
2.04115226337 155.2551975 680.0 150.0 607.82456875 150.0017825 679.974325 150.0 31.41496875 632.0
2.05761316872 154.5394075 680.0 150.0 570.05371875 150.00279 679.9358125 150.0 31.33185 631.99997
2.07407407407 154.4202125 679.9998375 150.0 525.32851875 150.0058125 679.84018125 150.0 31.4623375 631.99982
2.09053497942 155.5583775 679.99935 150.0000775 486.81114375 150.01705 679.63510625 150.0 32.12054375 631.99931
2.10699588477 161.4634125 679.9965875 150.001705 473.48744375 150.105865 679.2305625 150.0000775 35.32415 631.99703
2.12345679012 202.4702125 679.98188125 150.092225 499.51230625 152.1077675 678.738675 150.0048825 63.35954375 631.98761
2.13991769547 269.3613925 679.7583625 153.6952 531.7881375 166.83021 676.73123125 150.99882 120.253475 631.87364
2.15637860082 295.2381775 676.52176875 163.14958 503.0338925 179.108845 656.43465625 158.611645 144.1063625 630.29855
2.17283950617 343.537495 676.16329375 166.6432025 515.0598675 191.72321 653.3049875 159.6229425 186.7424625 630.11387
2.18930041152 324.0360925 667.678925 183.238045 424.32531125 204.6738475 612.36449375 176.75548 179.467175 626.08937
2.20576131687 297.45491 666.85009375 185.2177825 389.83013625 203.114315 605.6426 178.0808075 157.81283125 625.6682
2.22222222222 290.652115 650.3728375 206.8948425 352.9347875 211.9937225 558.50175625 207.2927275 154.33265 618.24686
2.23868312757 266.961605 642.87110625 224.0806225 288.84925625 220.80927 525.12734375 223.146205 138.1773875 614.70818
2.25514403292 271.4900075 600.9214875 278.43900625 268.745 247.358755 467.33194375 292.5734175 146.49811875 597.52268
2.27160493827 266.577515 485.28461875 401.33904875 188.67678125 317.9948125 341.183925 431.548045 154.87694375 553.61147
2.28806584362 351.389485 348.83605 524.23110875 194.93595625 445.027465 259.15774375 549.3785025 256.9219875 505.13807
2.30452674897 470.2734775 199.134225 658.51148375 255.707625 578.1775025 166.877975 687.50125 386.31204375 451.33679
2.32098765432 591.1700675 91.56141875 742.405505 334.71423125 691.1532825 129.4761625 755.915925 514.58401875 414.71315
2.33744855967 706.3501025 51.15530625 768.89764 444.23135 762.1359975 142.6864375 769.6138175 630.88803125 401.94659
2.35390946502 752.600785 50.4737 769.8532925 536.8838125 768.7554275 174.431625 769.951795 668.2636 402.37172
2.37037037037 755.6540525 51.85503125 769.8797975 558.41156875 768.9809525 197.5336 769.9602425 670.3434375 403.33484
2.38683127572 761.632015 54.2487375 769.9340475 597.632975 769.431925 238.05159375 769.978455 674.4373 405.03137
2.40329218107 763.98321 56.17850625 769.9537325 617.2959625 769.59886 273.009479375 769.984965 676.01915625 406.47455
2.41975308642 766.0029375 58.05083125 769.9704725 635.0772 769.7407625 310.663443125 769.990545 677.3731875 407.96309
2.43621399177 767.07856 58.99999375 769.97923 645.37441875 769.81493 339.129916875 769.9935675 678.09005625 408.90077
2.45267489712 767.6459375 58.47186875 769.98419 650.9009625 769.8546875 354.843721313 769.9952725 678.4686 408.93335
2.46913580247 767.7668375 55.74121875 769.98636 651.5287 769.8669325 349.937204437 769.9962025 678.5548875 407.56802
2.48559670782 767.1950425 50.5005125 769.9859725 643.57985 769.843915 313.522871937 769.996745 678.1996625 404.57225
2.50205761317 763.4832575 43.74644375 769.9808575 601.93361875 769.69899 242.150466937 769.9969775 675.89224375 400.52687
2.51851851852 720.98311 37.41706875 769.9709375 462.0433 768.7631775 160.58150625 769.9975975 649.06024375 396.65048
2.53497942387 693.8930625 32.81344375 769.9741925 309.09578125 768.786505 89.79601875 769.9983725 640.2408 393.78569
2.55144032922 687.3881 30.5263375 769.97861 164.27643125 768.844165 43.9862125 769.99907 638.916425 392.33813
2.56790123457 688.1656575 30.01470625 769.9870575 54.0279 769.0193925 30.49619375 769.9997675 640.69149375 392.00963
2.58436213992 728.8410675 30.0 770.0 43.5435625 769.984965 30.003575 770.0 667.2808 392.0
2.60082304527 754.6442275 30.0 770.0 48.9769125 769.9971325 30.00349375 770.0 676.03768125 392.0
2.61728395062 760.65567 30.0 770.0 54.85591875 769.99845 30.0040625 770.0 677.68478125 392.0
2.63374485597 762.75995 30.0 770.0 63.6311625 769.9986825 30.00593125 770.0 678.19308125 392.0
2.65020576132 764.0418775 30.0 770.0 81.73098125 769.998605 30.01291875 770.0 678.46055625 392.0
2.66666666667 765.0002425 30.0 770.0 112.54098125 769.9980625 30.034125 770.0 678.62338125 392.00003
2.68312757202 765.5804075 30.00008125 770.0 153.1007375 769.9966675 30.08474375 770.0 678.660025 392.00009
2.69958847737 765.42347 30.00024375 770.0 197.6270375 769.9923275 30.20629375 770.0 678.42350625 392.0003
2.71604938272 763.5337875 30.0011375 769.9997675 230.7419375 769.9731075 30.46418125 770.0 677.4026 392.00108
2.73251028807 753.30278 30.00576875 769.99504 232.82786875 769.7717625 30.92470625 769.999845 671.62125625 392.00462
2.74897119342 687.954315 30.02965625 769.63885 197.381175 764.26779 31.4077375 769.9740375 621.51324375 392.01878
2.76543209877 649.2671675 31.10329375 763.79132 196.3819625 752.306285 39.4835 766.70501 588.1405375 392.55104
2.78189300412 603.120955 31.80058125 758.3882525 184.51158125 738.5823525 44.93171875 764.4042675 547.80795625 392.90057
2.79835390947 585.292545 35.4819375 747.3937925 233.41748375 725.0032675 66.85475625 755.610885 527.9141375 394.68452
2.81481481481 611.91488 37.05924375 739.8609475 284.64902125 715.7965 77.93709375 751.4479725 543.62309375 395.46542
2.83127572016 628.213285 47.570475 723.0529025 341.4366775 709.12282 119.04504375 730.9766575 554.57331875 400.34591
2.84773662551 645.0860425 52.5857125 711.6813275 389.61020875 703.4929875 143.26713125 720.5384925 566.123575 402.73454
2.86419753086 648.885015 82.38025 671.043195 427.68373125 685.237475 204.994551875 667.20307 565.6619125 415.57454
2.88065843621 659.51414 147.36326875 591.2612075 495.4144625 649.10155 303.282351875 565.9841175 567.85070625 441.937964
2.89711934156 634.909595 273.76616875 470.3635325 519.83553125 557.895365 397.559895625 439.6860875 531.06931875 487.977344
2.91358024691 533.2395925 425.9882875 332.38509 516.03439625 424.22011 514.088645625 297.5075325 413.948175 543.239564
2.93004115226 407.9867275 550.0416 229.06023 427.20019625 301.578685 558.9483875 204.648815 280.939325 586.124534
2.94650205761 288.16018 641.30574375 161.7833325 340.82543375 197.86431 583.162025 155.07377 155.09705 616.69544
2.96296296296 184.5103625 660.30898125 150.3596 229.9776025 152.9074125 559.6083 150.11966 54.3007375 622.38422
2.97942386831 165.6467075 659.026775 150.130665 162.94246875 151.10887 527.76601875 150.042935 40.52536875 621.29294
2.99588477366 162.5307425 657.509025 150.1034625 140.38828125 150.8798575 501.89553125 150.0340225 38.4072625 620.22239
3.01234567901 157.4823925 655.13010625 150.058435 105.2243375 150.504525 460.8851625 150.0189875 34.96526875 618.51506
3.02880658436 155.30968 653.20935625 150.0403 86.64709375 150.3511525 425.311109375 150.01302 33.50585625 617.05649
3.04526748971 153.6094075 651.5499875 150.0262725 71.25801875 150.2325 389.70475125 150.00837 32.368275 615.68681
3.06172839506 152.7006425 650.966125 150.0188325 62.455475 150.16988 364.421839375 150.00589 31.76288125 614.96732
3.07818930041 152.2702075 652.089325 150.01488 58.3534875 150.1389575 354.0257475 150.0044175 31.4746875 615.30938
3.09465020576 152.3013625 655.5842125 150.013485 59.5637875 150.13516 367.166838125 150.003565 31.4863875 617.16566
3.11111111111 153.3063825 661.462 150.0149575 72.836625 150.1773975 414.9656525 150.0031 32.1138 620.59001
3.12757201646 160.3818225 668.2813125 150.0225525 139.60356875 150.42966 492.662451875 150.00279 36.49155 624.70742
3.14403292181 243.84692 674.1872125 150.02542 292.0102875 151.59557 572.3912 150.0020925 93.24816875 628.34231
3.16049382716 248.875895 678.12190625 150.0219325 440.708675 151.5573625 637.290775 150.001395 94.39615 630.80348
3.17695473251 253.290915 679.75015625 150.01674 580.23125625 151.48211 672.97504375 150.0006975 94.9627875 631.83893
3.19341563786 248.6718375 679.99861875 150.0059675 664.94754375 151.200165 679.937925 150.0000775 90.99445625 631.99907
3.20987654321 166.8524525 680.0 150.0 662.2853875 150.003565 679.9959375 150.0 34.42788125 632.0
3.22633744856 162.93847 680.0 150.0 659.52313125 150.00217 679.99650625 150.0 33.2683625 632.0
3.24279835391 158.5275575 680.0 150.0 653.01630625 150.001395 679.9956125 150.0 32.11063125 632.0
3.25925925926 156.8110875 680.0 150.0 642.24995 150.0013175 679.99285 150.0 31.7129125 632.0
3.27572016461 155.63766 680.0 150.0 620.1922 150.00155 679.98269375 150.0 31.48005 632.0
3.29218106996 154.7754725 680.0 150.0 586.2136125 150.0022475 679.95515 150.0 31.34850625 631.99997
3.30864197531 154.362475 679.99991875 150.0 543.200025 150.004185 679.8882 150.0 31.37093125 631.99988
3.32510288066 154.8611875 679.99959375 150.0000775 500.31180625 150.0104625 679.73683125 150.0 31.745575 631.99958
3.34156378601 157.9264675 679.99813125 150.0005425 474.54710625 150.0458025 679.4167875 150.0 33.3733375 631.99835
3.35802469136 176.614585 679.99033125 150.0163525 484.86276875 150.560635 678.9224625 150.00062 44.6381625 631.99283
3.37448559671 258.846115 679.94418125 151.25209 525.5078375 162.4254975 678.3299875 150.139655 113.41376875 631.96757
3.39094650206 283.5169225 676.4326375 160.6005275 493.52223125 174.1118 656.44375625 158.0363625 135.99379375 630.25994
3.40740740741 339.542835 676.2509625 162.7480525 520.4248375 185.105795 654.62164375 158.4821425 183.3406875 630.16361
3.42386831276 342.8265875 669.20179375 177.312085 444.45941875 198.548015 618.4185125 172.92977 192.97198125 626.79716
3.44032921811 303.8061125 668.48915 180.6924025 404.873525 199.21095 612.26016875 174.49217 161.39384375 626.43311
3.45679012346 298.5317725 655.27359375 198.52709 373.2684125 206.8745375 572.03183125 198.1269575 158.9548 620.42912
3.47325102881 271.7125875 650.88008125 210.619105 311.405678125 214.158995 548.2237125 207.44207 140.40664375 618.308
3.48971193416 273.7371975 617.62770625 254.4852675 288.838490625 234.8807125 493.39613125 264.65366275 145.7905125 604.32464
3.50617283951 260.237705 535.389974375 352.124185 205.346234375 282.296685 380.9727 383.16464775 143.500075 571.724
3.52263374486 304.196015 404.131411875 474.8703125 193.191559375 391.9462425 295.8758375 504.63574525 202.762516875 524.69816
3.53909465021 415.8549925 250.711668125 615.5354475 219.5473125 527.842105 181.91726875 649.84393025 327.573323125 469.03028
3.55555555556 540.12229 133.231724375 712.0398425 304.0725 647.744215 140.15736875 733.16766 459.571748125 428.69492
3.57201646091 659.8313475 58.7235 764.7477475 401.61824375 742.48347 130.62056875 767.942995 583.764810625 404.18606
3.58847736626 746.91585 49.74821875 769.79571 509.1122375 768.283065 158.26961875 769.9329625 664.26845625 401.8001
3.6049382716 755.0732675 51.30756875 769.87569 551.92993125 768.944605 187.434225 769.95908 669.9664375 402.93665
3.62139917695 759.5783425 53.24716875 769.915835 582.8848 769.2804125 220.55570625 769.9724875 673.04069375 404.31131
3.6378600823 763.148535 55.4252375 769.94668 610.138975 769.5398825 259.10346875 769.9827175 675.45853125 405.90098
3.65432098765 765.3342675 57.38100625 769.96497 628.972725 769.6941075 296.39275 769.9887625 676.9259875 407.41076
3.670781893 766.717255 58.75624375 769.9763625 641.865475 769.789975 329.02461875 769.9924825 677.849475 408.60821
3.68724279835 767.4754375 58.90915625 769.9827175 649.26613125 769.8424425 350.687534375 769.9946525 678.354525 409.061
3.7037037037 767.7747425 57.1311625 769.985895 651.943075 769.8652275 355.04316 769.9958925 678.55675625 408.3074
3.72016460905 767.557665 52.8642375 769.986515 648.43136875 769.8593375 332.589235 769.99659 678.4261875 405.9506
3.7366255144 765.826315 46.48944375 769.983725 626.694475 769.7872625 273.61181 769.9969775 677.3454 402.18236
3.75308641975 751.207025 39.78306875 769.973495 526.600975 769.3362125 192.521344375 769.9972875 668.31714375 398.10839
3.7695473251 653.76674 34.38790625 769.975975 372.20054375 768.9253075 115.902375 769.9980625 605.87164375 394.77125
3.78600823045 651.4850625 31.16033125 769.9797725 229.6756125 768.9701025 58.287675 769.99876 605.52064375 392.74199
3.8024691358 648.5487425 30.09693125 769.98605 98.64853125 769.0736425 32.88925 769.9994575 605.60871875 392.06279
3.81893004115 661.045695 30.00008125 769.99938 47.7138 769.5541425 30.00966875 770.0 614.31384375 392.00003
3.8353909465 756.99643 30.0 770.0 53.15600625 769.99721 30.00576875 770.0 676.620325 392.0
3.85185185185 758.376395 30.0 770.0 51.99348125 769.9980625 30.003575 770.0 677.083775 392.0
3.8683127572 762.10492 30.0 770.0 59.4883875 769.9986825 30.00479375 770.0 678.0420375 392.0
3.88477366255 763.5761025 30.0 770.0 72.92754375 769.9986825 30.0089375 770.0 678.368175 392.0
3.9012345679 764.655755 30.0 770.0 98.997825 769.998295 30.02331875 770.0 678.5704875 392.0
3.91769547325 765.4099075 30.0 770.0 135.85063125 769.997365 30.05874375 770.0 678.66644375 392.00003
3.9341563786 765.609625 30.00008125 770.0 180.3685625 769.9946525 30.14681875 770.0 678.56601875 392.00015
3.95061728395 764.6562975 30.00056875 769.9999225 220.23639375 769.984965 30.3368625 770.0 677.9928 392.00057
3.9670781893 759.65437 30.002925 769.99876 236.85900625 769.915215 30.72109375 770.0 675.3032625 392.00252
3.98353909465 725.49051 30.01551875 769.9404025 214.45269375 768.48813 31.21785625 769.9971325 652.74875 392.01083
4.0 650.41904225 30.15461875 766.97378 177.283825 753.2648825 32.5501125 769.357835 588.6751625 392.08268
4.01646090535 627.06364225 34.3701125 756.4747775 213.61598125 741.0411175 57.6687125 760.0968175 566.83134375 394.12409
4.0329218107 575.53575225 34.5781125 754.2367325 193.9295125 730.25459 59.70946875 759.6068625 522.68236875 394.23404
4.04938271605 588.22048725 42.51778125 738.5248475 281.15341875 717.2346675 99.00245625 743.5539 524.61595625 398.01119
4.0658436214 622.1058975 43.31760625 736.2940875 318.98000625 719.58098 105.66446875 742.12573 552.89339375 398.4185
4.08230452675 626.357005 58.11664375 716.6692275 347.815225 711.1516925 146.85659375 715.86532 554.48686875 405.0794
4.0987654321 651.9241775 64.66230625 700.3013825 414.75620625 701.4705475 177.950075 701.880755 571.4682 408.19301
4.11522633745 647.9329275 104.1832 648.628335 435.5475125 676.39023 235.2542375 635.560533 563.81144375 424.50293
4.1316872428 655.6784325 212.18435625 531.142985 517.3493625 612.1576844 358.819725 500.337448 558.859175 465.88097
4.14814814815 581.1338175 348.1429875 407.745935 516.96318125 487.5451244 441.95269375 381.3923855 466.63823125 514.25057
4.1646090535 463.3052975 499.0491 271.3971625 462.37666875 353.4611344 539.61633125 240.8811655 337.83699375 568.62428
4.18106995885 341.7945975 609.58834375 183.902375 383.470325 238.5075544 579.04630625 168.2778325 208.7279 606.36641
4.1975308642 224.8009075 657.813875 151.6119225 275.79546875 160.8493025 570.40000625 150.5771425 89.6607375 621.77186
4.21399176955 168.24505 659.7305625 150.1544575 178.2271375 151.30975 539.46244375 150.050685 42.31936875 621.77651
4.2304526749 164.6582725 658.31006875 150.122915 153.95313125 151.0416775 515.431375 150.0405325 39.8678125 620.78294
4.24691358025 158.7605225 655.97965625 150.069285 115.34004375 150.596595 476.0014 150.0225525 35.82846875 619.13501
4.2633744856 156.240455 654.015275 150.04805 94.597 150.4170275 440.5725975 150.0155775 34.1312375 617.67344
4.27983539095 154.14191 652.09801875 150.0306125 76.2756125 150.26939 402.593348563 150.009765 32.72358125 616.16135
4.2962962963 153.0022725 651.03884375 150.0213125 65.42020625 150.1907275 373.104343562 150.006665 31.9638125 615.15743
4.31275720165 152.3887825 651.3878125 150.0160425 59.4289125 150.1479475 355.842748563 150.0048825 31.5548 615.01217
4.329218107 152.222855 653.8766625 150.0137175 58.268175 150.1330675 358.379519813 150.003875 31.43934375 616.22282
4.34567901235 152.691575 658.89084375 150.0138725 64.931 150.1512025 391.26081875 150.0033325 31.7294875 619.07009
4.3621399177 155.7476325 665.5838125 150.0183675 100.46381875 150.27311 459.9759425 150.0030225 33.63179375 623.06783
4.37860082305 188.3602525 672.02701875 150.0292175 232.64343125 151.0694225 541.77449375 150.00248 53.992475 627.00662
4.3950617284 233.253445 676.83685625 150.0259625 386.23469375 151.0653925 614.16190625 150.001705 71.1217625 629.99477
4.41152263374 240.2398375 679.34959375 150.0217 532.11915 151.0120725 663.05783125 150.0010075 72.64975 631.58261
4.42798353909 240.32656 679.9741625 150.0138725 648.61613125 150.85963 679.1645875 150.00031 71.333825 631.98314
4.44444444444 209.6045525 680.0 150.0 666.989275 150.0337125 679.9962625 150.0 51.23411875 632.0
4.46090534979 166.049165 680.0 150.0 661.3224125 150.003255 679.996425 150.0 34.18786875 632.0
4.47736625514 159.674635 680.0 150.0 655.7879875 150.0016275 679.99601875 150.0 32.39988125 632.0
4.49382716049 157.3898575 680.0 150.0 647.50723125 150.0013175 679.99439375 150.0 31.8408 632.0
4.51028806584 156.06794 680.0 150.0 630.65679375 150.001395 679.98821875 150.0 31.5608125 632.0
4.52674897119 155.0800475 680.0 150.0 600.92685 150.00186 679.96888125 150.0 31.38831875 632.0
4.54320987654 154.4527625 679.99991875 150.0 561.2437 150.0031 679.92256875 150.0 31.33534375 631.99994
4.55967078189 154.5136775 679.99975625 150.0 516.49778125 150.006975 679.809875 150.0 31.53440625 631.99976
4.57613168724 156.122345 679.999025 150.000155 481.39274375 150.02294 679.57035 150.0 32.41678125 631.9991
4.59259259259 164.639905 679.99504375 150.0034875 475.54193125 150.175615 679.12664375 150.0000775 37.15739375 631.99601
4.60905349794 222.0743025 679.9748125 150.2333525 508.31314375 154.200965 678.64483125 150.015035 79.607025 631.98368
4.62551440329 268.8323 679.3188 155.2601575 521.51171875 166.9006575 673.41785625 152.3077175 119.51076875 631.65599
4.64197530864 306.8982075 678.10679375 161.896405 520.4680625 180.0263675 664.6006875 155.9492875 153.20498125 631.05572
4.65843621399 334.241835 676.26550625 170.1314775 493.7169875 193.7423175 652.2152625 161.0111225 180.2785375 630.15056
4.67489711934 307.5175875 672.79288125 181.5298675 423.959995 204.9554825 631.5283625 169.60905 166.03338125 628.4675
4.69135802469 289.309505 667.863525 192.3158525 373.010395 209.82039 607.153525 180.27925 153.34960625 626.12021
4.70781893004 275.9695075 657.1863 211.5653025 321.8646575 218.7218075 567.76376875 202.201675 145.13263125 621.19385
4.72427983539 266.597975 635.25944375 246.1189875 271.24347 234.6621625 510.42531875 244.995005 141.09125625 611.49254
4.74074074074 263.6749075 574.396125 319.9451 223.8369875 268.9132875 423.06109375 339.4344125 144.6158 586.84472
4.75720164609 279.3317675 444.82415 445.6862925 180.43348125 356.5158 310.236125 475.497675 173.014625 538.98539
4.77366255144 381.678345 298.917675 574.4819925 194.298875 486.9976675 211.14581875 604.8261875 290.2977 486.53579
4.79012345679 504.7808175 165.17148125 686.652935 276.583675 611.8721775 152.68790625 711.9589325 421.72729375 439.64543
4.80658436214 624.53746 71.60853125 756.1426125 360.6714125 716.912035 126.0882 763.88804 547.7835 408.21269
4.82304526749 730.9789825 49.747325 769.5651475 471.59041875 766.539315 148.16065625 769.8542225 652.1564375 401.58743
4.83950617284 753.8617875 50.8268125 769.86484 544.19931875 768.853155 179.97506875 769.9555925 669.13516875 402.60911
4.85596707819 756.84577 52.2753375 769.890725 565.775825 769.0724025 204.5222375 769.96404 671.16365625 403.62713
4.87242798354 762.258525 54.6753 769.939395 602.63886875 769.4769525 245.64148125 769.980315 674.86020625 405.34034
4.88888888889 764.4704525 56.595725 769.95784 621.4367875 769.6333475 280.9234 769.9864375 676.3465125 406.78958
4.90534979424 766.27287 58.3310625 769.9727975 637.6096 769.7593625 317.311838125 769.9913975 677.55315625 408.20459
4.92181069959 767.2336375 59.04110625 769.9807025 646.8937125 769.8255475 343.692624375 769.9940325 678.1931625 408.99995
4.93827160494 767.7076275 58.11908125 769.984965 651.4533 769.8593375 355.89427325 769.9955825 678.5100375 408.78491
4.95473251029 767.7282425 54.87346875 769.9865925 650.88008125 769.8660025 345.52011075 769.9963575 678.53165 407.09072
4.97119341564 766.8859725 49.18791875 769.9855075 639.59364375 769.8308175 301.381235125 769.9968225 678.0062875 403.79474
4.98765432099 761.191815 42.367875 769.9786875 582.05418125 769.620715 225.409511375 769.997055 674.4777625 399.68741
5.00411522634 691.32334075 36.312475 769.9731075 432.00054375 768.45186 144.89651875 769.9977525 628.2767375 395.96747
5.02057613169 682.62125325 32.156375 769.9765175 281.32055 768.4874325 77.9594375 769.9985275 626.03610625 393.37217
5.03703703704 677.70837325 30.3235375 769.9814 139.81774375 768.5560975 38.94001875 769.999225 625.27398125 392.20835
5.05349794239 680.80984575 30.00333125 769.9913975 45.7324375 768.7960375 30.13040625 769.9999225 628.35806875 392.00222
5.06995884774 748.97797 30.0 770.0 45.8214875 769.995195 30.00365625 770.0 674.35239375 392.0
5.08641975309 756.5062425 30.0 770.0 49.998225 769.997675 30.00349375 770.0 676.5784 392.0
5.10288065844 761.232425 30.0 770.0 56.26300625 769.998605 30.00430625 770.0 677.83005625 392.0
5.11934156379 763.05538 30.0 770.0 66.30566875 769.9986825 30.00674375 770.0 678.25824375 392.0
5.13580246914 764.2615125 30.0 770.0 87.06309375 769.99845 30.0157625 770.0 678.5015875 392.0
5.15226337449 765.1555525 30.0 770.0 120.055225 769.99783 30.0411125 770.0 678.64345 392.00003
5.16872427984 765.62652 30.00008125 770.0 162.3395125 769.996125 30.1022125 770.0 678.64174375 392.00009
5.18518518519 765.247855 30.000325 770.0 205.9122625 769.9906225 30.24318125 770.0 678.31674375 392.00036
5.20164609053 762.6284325 30.00154375 769.9996125 234.3117375 769.9619475 30.54275 770.0 676.92330625 392.00144
5.21810699588 747.3547325 30.008125 769.98915 228.0888 769.5876225 31.0294375 769.9996125 667.923975 392.00624
5.23456790123 668.687319 30.0440375 769.1416875 188.50290625 759.9198075 31.55748125 769.91878 603.50288125 392.0264
5.25102880658 641.0516715 32.612675 761.04255 211.816292938 748.415165 48.5501875 763.7132 578.70456875 393.28265
5.26748971193 584.5569615 32.86658125 758.056785 185.997967937 735.787005 50.89091875 762.963775 530.3659375 393.41465
5.28395061728 577.7752465 39.9619 743.3681325 258.995242937 722.1022875 87.2177125 748.38432 518.39090625 396.80417
5.30041152263 612.534725 40.62254375 739.8394025 296.945249187 719.4251275 93.0097 746.906085 545.1349125 397.14236
5.31687242798 620.70338 54.04553125 721.7057975 336.8281125 711.99869 136.65135 722.8661275 549.83904375 403.2809
5.33333333333 647.113055 57.8577 711.5618225 394.075465 706.94662 157.95648125 714.96198 568.94595625 405.12881
5.34979423868 645.5829725 89.09808125 670.3764625 416.40402125 687.68043 210.9871375 660.9916775 564.209325 418.32314
5.36625514403 660.4851375 162.721444375 579.8090325 500.19828375 644.7134225 318.99024375 549.6034075 568.2463125 447.8897303
5.38271604938 624.5310275 290.940931875 458.38211 514.87317125 542.449925 404.1486125 427.854395 518.53861875 493.9837703
5.39917695473 516.7711525 444.917238125 316.649025 501.38170625 406.27886 523.1171375 281.552995 396.46520625 549.9666803
5.41563786008 391.4231175 564.231481875 217.576745 413.43410625 284.9711325 564.418625 195.1174 263.43344375 590.9781503
5.43209876543 271.56681 647.5580125 157.5629925 320.68845 185.64504 581.0782875 153.0788425 138.36304375 618.64817
5.44855967078 176.4419925 660.305 150.2451325 211.12241875 152.038405 554.7324875 150.080755 48.20170625 622.27925
5.46502057613 164.941845 658.7714875 150.124155 158.634025 151.0550075 523.8947 150.0408425 40.04014375 621.12023
5.48148148148 161.147135 657.0174625 150.090675 131.76205 150.77438 493.83415 150.02976 37.456475 619.87742
5.49794238683 157.0186325 654.74059375 150.05456 101.3370125 150.4717425 453.94235 150.0177475 34.65335 618.22583
5.51440329218 154.86669 652.80489375 150.0366575 82.80055625 150.3199975 417.388421875 150.01178 33.20864375 616.73987
5.53086419753 153.380705 651.3289875 150.0244125 69.08604375 150.2167675 383.66917625 150.00775 32.21585 615.4793
5.54732510288 152.57579 651.02860625 150.0177475 61.2403 150.1611225 360.802818125 150.005425 31.6797625 614.93486
5.56378600823 152.234945 652.589825 150.0143375 58.0964125 150.13578 354.39077125 150.0041075 31.4503125 615.55199
5.58024691358 152.3872325 656.6102375 150.013485 60.80163125 150.1383375 373.758211875 150.00341 31.539525 617.74787
5.59670781893 153.8374125 662.84235625 150.01581 79.34093125 150.199175 429.2043575 150.0030225 32.44521875 621.41666
5.61316872428 165.295865 669.60479375 150.025265 168.11500625 150.572415 509.510484375 150.0027125 39.5158375 625.51616
5.62962962963 264.963965 675.17375 150.0237925 322.37219375 151.295335 587.25840625 150.0019375 107.5207875 628.95548
5.64609053498 266.965325 678.63069375 150.0200725 464.4301 151.25271 647.34993125 150.00124 107.81093125 631.12538
5.66255144033 270.8216475 679.86439375 150.0141825 598.82889375 151.1600975 676.03621875 150.0005425 108.0729625 631.91228
5.67901234568 261.578455 679.9998375 150.0016275 661.22938125 150.7574075 679.98415625 150.0 101.34976875 631.99988
5.69547325103 163.449195 680.0 150.0 656.20731875 150.0028675 679.99374375 150.0 33.50065625 632.0
5.71193415638 162.4244125 680.0 150.0 658.65180625 150.0020925 679.996425 150.0 33.1343 632.0
5.72839506173 158.081235 680.0 150.0 651.37034375 150.0013175 679.99536875 150.0 32.00224375 632.0
5.74485596708 156.5455725 680.0 150.0 638.88010625 150.0013175 679.9917125 150.0 31.65685 632.0
5.76131687243 155.4368575 680.0 150.0 614.1285125 150.0016275 679.97879375 150.0 31.44503125 632.0
5.77777777778 154.6463575 680.0 150.0 578.1601125 150.00248 679.94613125 150.0 31.33713125 631.99997
5.79423868313 154.3726275 679.99991875 150.0 534.0555 150.0048825 679.86553125 150.0 31.41009375 631.99988
5.81069958848 155.16646 679.9995125 150.0000775 493.07828125 150.0132525 679.6888125 150.0 31.91205625 631.99949
5.82716049383 159.43609 679.99748125 150.00093 473.3056875 150.068975 679.3251375 150.0 34.1929875 631.99778
5.84362139918 187.727155 679.986675 150.0389825 491.99993125 151.0932925 678.82618125 150.001705 52.29621875 631.99046
5.86008230453 268.30065775 679.89494375 152.39165 531.73979375 166.0850475 677.87864375 150.4040075 121.07320625 631.94231
5.87654320988 290.76263775 675.2483375 163.268775 492.50173125 178.242705 650.7400875 160.3308275 142.1557125 629.69624
5.89300411523 343.12349775 675.0916875 164.9752475 516.0539125 187.847125 649.08575625 160.6535375 186.18013125 629.61215
5.90946502058 336.96372025 668.0999625 179.5302125 434.314625 200.85612 613.1193875 175.0477675 189.10919375 626.27288
5.92592592593 297.7733575 667.21831875 182.6047925 392.82601875 199.0037925 605.91405625 176.85809 156.3757625 625.82582
5.94238683128 294.67607 653.7222875 200.9163375 367.739025 207.180275 568.4106 201.0756 155.665475 619.74935
5.95884773663 269.280095 647.6889875 216.7466425 300.31330625 217.5115675 538.7333875 214.04011 139.3161875 616.87094
5.97530864198 272.2150975 609.73134375 266.6417625 277.05776875 241.4652675 480.0253875 278.5002855 146.0066375 601.08575
5.99176954733 262.804195 509.17374375 378.16899 196.0719125 299.7518395 359.8836125 409.263013 148.5276625 562.21454
6.00823045267 327.3070575 373.88055 501.8028025 191.41181875 420.975247 275.427975 529.315163 230.52751875 513.98015
6.02469135802 443.96835 222.303475 639.2123175 239.80090625 555.533692 173.58475625 671.010893 358.6105875 459.26186
6.04115226337 566.0789 109.28366875 729.6641175 319.248375 672.0424645 132.67034375 747.1347875 488.41030625 420.57692
6.05761316872 684.3281675 53.5623375 767.6805025 424.57981875 755.365365 136.539225 769.1499025 609.508475 402.61964
6.07407407407 750.7244325 50.07159375 769.8357 525.84543125 768.60903 166.54346875 769.9461375 666.96628125 402.07496
6.09053497942 755.1251925 51.53978125 769.8753025 554.0340625 768.94352 191.839925 769.9588475 669.9882125 403.10723
6.10699588477 760.7944725 53.78374375 769.926685 591.34268125 769.3707775 229.81771875 769.9760525 673.86960625 404.69177
6.12345679012 763.54518 55.796875 769.9500125 613.58730625 769.5677825 265.903955625 769.983725 675.72470625 406.18322
6.13991769547 765.703555 57.74451875 769.96807 632.31689375 769.7198375 303.928549375 769.9896925 677.1729875 407.70803
6.15637860082 766.9118575 58.907775 769.9779125 643.75575625 769.803305 334.385388125 769.993025 677.9789875 408.77696
6.17283950617 767.5716925 58.72935 769.9834925 650.19904375 769.849185 353.14754875 769.9949625 678.41879375 409.02809
6.18930041152 767.7812525 56.47515 769.9861275 651.86011875 769.8666225 352.946056875 769.9960475 678.56260625 407.9657
6.20576131687 767.4036725 51.69643125 769.986205 646.34438125 769.8528275 323.546638125 769.9966675 678.33023125 405.27278
6.22222222222 764.8717475 45.085525 769.9824075 616.01278125 769.75014 257.776843125 769.9969775 676.75235625 401.33537
6.23868312757 739.8305675 38.54189375 769.971325 493.1290625 769.0824775 175.9689075 769.9974425 661.22840625 397.34375
6.25514403292 673.210715 33.53535 769.974425 339.1001875 769.0369075 102.09385625 769.9982175 630.40946875 394.23848
6.27160493827 667.1127825 30.79340625 769.9785325 192.83905625 769.08674 50.24449375 769.998915 629.07014375 392.50859
6.28806584362 666.230755 30.041925 769.98574 70.97900625 769.2202725 31.31405625 769.9996125 629.99119375 392.0273
6.30452674897 689.310875 30.0 769.9999225 43.14291875 769.9174625 30.0043875 770.0 645.2349125 392.0
6.32098765432 754.5434775 30.0 770.0 48.88014375 769.9966675 30.00381875 770.0 675.9518 392.0
6.33744855967 759.9246125 30.0 770.0 53.554375 769.998295 30.00381875 770.0 677.4966875 392.0
6.35390946502 762.45336 30.0 770.0 61.4406625 769.9986825 30.00528125 770.0 678.12345 392.0
6.37037037037 763.820305 30.0 770.0 77.1466125 769.998605 30.010725 770.0 678.4174125 392.0
6.38683127572 764.838035 30.0 770.0 105.7371875 769.99814 30.02835625 770.0 678.599575 392.0
6.40329218107 765.5089525 30.0 770.0 144.5057875 769.9969775 30.07076875 770.0 678.6675 392.00003
6.41975308642 765.53755 30.0001625 770.0 189.33506875 769.99349 30.17509375 770.0 678.502725 392.00018
6.43621399177 764.1708375 30.0008125 769.999845 226.14391875 769.9800825 30.39723125 770.0 677.7371875 392.00075
6.45267489712 757.020765 30.00414375 769.99752 235.5967875 769.86267 30.82265625 769.9999225 673.81354375 392.00342
6.46913580247 707.510665 30.02153125 769.849185 205.84376875 766.9515375 31.30804375 769.991165 638.5392625 392.01428
6.48559670782 651.37943 30.415675 765.522205 182.199125 753.28666 34.62735 768.4201625 590.8523375 392.21288
6.50205761317 620.20056 32.44066875 757.59287 197.429275 740.7242975 48.35461875 763.04422 562.766 393.20657
6.51851851852 581.5118625 33.269175 751.83431 202.1945875 726.93511 54.64401875 760.5421325 527.045575 393.62168
6.53497942387 606.70192 39.74845625 736.838525 287.65285 714.6351625 88.1303125 746.426825 539.22568125 396.71531
6.55144032922 626.50224 41.42951875 732.213015 325.9396375 712.95349 99.1262 743.02845 554.0672125 397.54424
6.56790123457 637.235215 58.21836875 708.3844 374.23488125 703.2009675 150.14965625 711.9434325 560.33670625 405.13433
6.58436213992 654.0839475 69.78203125 685.9386175 432.41703125 692.4283125 192.0740875 687.8623225 570.929025 410.45825
6.60082304527 651.320685 118.9845125 623.89273595 460.71445625 662.5827525 260.80386875 608.4835675 563.50301875 430.50176
6.61728395062 648.60431 243.69635625 497.13412345 528.05234375 583.8007475 385.5729125 467.6532025 547.6380625 477.25862
6.63374485597 552.3636475 382.107925 374.44511345 514.50683125 455.2285575 469.64009375 349.30458 435.44180625 526.48958
6.65020576132 431.63221 527.20880625 247.68743095 443.47141875 325.2142475 549.00745 220.8994025 305.1994375 578.22788
6.66666666667 311.6114475 629.503775 169.937805 363.14539375 215.7778925 582.5381875 159.422295 178.243225 612.90485
6.68312757202 200.0016825 659.7581875 150.672855 252.26059375 155.1152325 564.1896625 150.229865 66.96655625 622.29539
6.69958847737 166.6373125 659.3161875 150.1397325 168.4969625 151.185905 532.06268125 150.0459575 41.21095625 621.48293
6.71604938272 163.838245 657.94265625 150.11563 148.21850625 150.9806075 509.06811875 150.03813 39.308325 620.5211
6.73251028807 158.00668 655.5185625 150.0628525 109.486875 150.542035 467.841625 150.0205375 35.3184625 618.79916
6.74897119342 155.7670075 653.60634375 150.0440975 90.55846875 150.38347 432.956539375 150.0143375 33.81298125 617.36237
6.76543209877 153.8507425 651.79690625 150.02821 73.544475 150.24924 395.78426625 150.00899 32.52923125 615.90383
6.78189300412 152.8378175 650.9695375 150.0199175 63.80585 150.1794125 368.39037375 150.0062 31.8542875 615.04007
6.79835390947 152.3196525 651.7004625 150.015345 58.78695625 150.1428325 354.50978625 150.004495 31.50824375 615.13376
6.81481481481 152.249825 654.69785625 150.013485 58.7704625 150.133455 362.217071875 150.0036425 31.45494375 616.66913
6.83127572016 152.953525 660.1787375 150.01426 68.36438125 150.1623625 402.68972 150.0031775 31.89320625 619.82858
6.84773662551 157.580585 666.97928125 150.0202275 117.767875 150.33821 476.658225 150.002945 34.7649875 623.91446
6.86419753086 213.5231075 673.17118125 150.02821 263.96806875 151.4180175 557.73475625 150.002325 70.818375 627.713
6.88065843621 228.4759575 677.54438125 150.0248775 415.9249875 151.3862425 626.5691875 150.00155 75.0916375 630.43934
6.89711934156 234.083935 679.588875 150.0202275 559.13225625 151.323235 668.8487625 150.0008525 76.1010875 631.73558
6.91358024691 232.2002975 679.99285 150.011005 661.4842625 151.117395 679.74268125 150.000155 73.71258125 631.99529
6.93004115226 178.01563 680.0 150.0 665.4512125 150.0075175 679.99650625 150.0 37.882875 632.0
6.94650205761 164.292085 680.0 150.0 660.50528125 150.0025575 679.99650625 150.0 33.648125 632.0
6.96296296296 159.027665 680.0 150.0 654.4164875 150.0014725 679.995775 150.0 32.235025 632.0
6.97942386831 157.083035 680.0 150.0 645.0265875 150.0013175 679.99358125 150.0 31.77198125 632.0
6.99588477366 155.84257 680.0 150.0 625.5742 150.00155 679.9855375 150.0 31.5175875 632.0
7.01234567901 154.917995 680.0 150.0 593.6148375 150.00217 679.9623 150.0 31.3658125 631.99997
7.02880658436 154.3926225 679.99991875 150.0 552.0839 150.00372 679.90631875 150.0 31.348425 631.99991
7.04526748971 154.66116 679.999675 150.0 508.0452625 150.0086025 679.775425 150.0 31.62881875 631.99967
7.06172839506 156.9129225 679.99861875 150.00031 477.3213875 150.0323175 679.49568125 150.0 32.8328625 631.99874
7.07818930041 169.540075 679.9930125 150.00744 479.57615625 150.3103875 679.0198 150.0002325 40.11700625 631.99457
7.09465020576 242.733307 679.9637625 150.5772975 517.52413125 157.8694275 678.5232 150.0475075 98.3918625 631.97774
7.11111111111 274.673537 678.20673125 157.5222275 504.86115625 169.4173925 666.15816875 154.7213 126.45260625 631.11308
7.12757201646 328.1343545 677.81445625 161.5939225 526.34065 183.0992425 662.826675 156.0165575 172.6891375 630.91298
7.14403292181 339.034032 671.82958125 175.2181125 460.77636875 196.7910125 630.8452125 168.8256025 187.53733125 628.04405
7.16049382716 309.2334375 671.0109875 179.8273475 420.7216625 202.4083675 624.11763125 170.81681 166.83661875 627.62918
7.17695473251 297.2617025 657.6346375 198.4251 371.15696875 209.6925925 577.87809375 195.142665 159.23714375 621.48554
7.19341563786 274.342705 654.0056875 207.4591975 319.4850075 213.6802775 557.7666875 202.50098 142.47006875 619.7279
7.20987654321 274.2603225 623.3837 247.72719 292.983045 232.12923 502.108658125 255.653115 145.791325 606.69938
7.22633744856 259.36893 556.30703125 331.8518125 212.89857625 270.93317 398.846895625 360.59385 140.96483125 579.511127
7.24279835391 289.1931775 431.0773 451.502435 195.7653075 366.1672625 313.131964375 482.43036 183.3029875 534.285527
7.25925925926 392.673425 277.0914875 593.2022725 199.091154375 501.9156425 191.669795625 628.7123075 302.18945 478.245317
7.27572016461 518.6179775 156.14444375 694.2639775 289.226329375 624.16484 150.314025 717.738185 435.79426875 436.615187
7.29218106996 638.4453 66.30306875 759.91229 377.829535625 726.77918 127.97734375 765.74308 561.38385625 406.56032
7.30864197531 739.2769075 49.70336875 769.69651 488.549723125 767.51473 152.8396 769.89956 658.5865625 401.67239
7.32510288066 754.8381325 51.13011875 769.87383 549.9718875 768.9284075 184.669775 769.9585375 669.8088125 402.81536
7.34156378601 758.1307975 52.7318 769.9025825 573.75530625 769.170595 212.0638625 769.9679925 672.04733125 403.94894
7.35802469136 762.7865325 55.0809 769.9438125 606.99468125 769.5146175 252.87110625 769.98171 675.21591875 405.64274
7.37448559671 764.9215025 57.0005125 769.96156 625.355475 769.6652 288.77548125 769.9876 676.64925 407.1104
7.39094650206 766.5125775 58.57018125 769.9746575 639.89955 769.77587 323.488170625 769.9920175 677.712975 408.42611
7.40740740741 767.367015 59.0099875 769.98171 648.20110625 769.83477 347.58779 769.9943425 678.28205 409.05839
7.42386831276 767.7508725 57.66440625 769.9853525 651.8109625 769.862825 355.933261875 769.9957375 678.53969375 408.57749
7.44032921811 767.6591125 53.8967625 769.986515 649.86136875 769.8633675 339.620130625 769.9965125 678.4892375 406.54352
7.45679012346 766.44275 47.825275 769.984655 634.06620625 769.8122175 287.81309125 769.9969 677.72963125 402.98615
7.47325102881 757.39602 41.02716875 769.97613 556.278260625 769.50338 208.574378125 769.99721 672.14141875 398.87078
7.48971193416 662.62437 35.29010625 769.9758975 402.545216875 768.4979725 129.82578125 769.997985 606.5329375 395.33309
7.50617283951 659.82476 31.60119375 769.9794625 257.354473125 768.538505 67.3283625 769.9986825 606.014725 393.02147
7.52263374486 655.6827725 30.18435625 769.984965 120.271179375 768.62205 35.28701875 769.99938 605.59490625 392.11904
7.53909465021 662.405975 30.0004875 769.9966675 46.735225 768.960415 30.028275 770.0 610.807825 392.00033
7.55555555556 755.58841 30.0 770.0 50.97655625 769.9969 30.00511875 770.0 676.24389375 392.0
7.57201646091 757.3420025 30.0 770.0 50.92520625 769.99783 30.003575 770.0 676.80533125 392.0
7.58847736626 761.7145525 30.0 770.0 57.82300625 769.998605 30.00455 770.0 677.94851875 392.0
7.6049382716 763.329575 30.0 770.0 69.43655625 769.9986825 30.0078 770.0 678.31706875 392.0
7.62139917695 764.4690575 30.0 770.0 92.91683125 769.9983725 30.0193375 770.0 678.53888125 392.0
7.6378600823 765.2936575 30.0 770.0 127.9103125 769.9975975 30.04931875 770.0 678.658075 392.00003
7.65432098765 765.6358975 30.00008125 770.0 171.58925625 769.9954275 30.12325625 770.0 678.61005625 392.00012
7.670781893 764.993345 30.00040625 769.9999225 213.5835625 769.98822 30.286975 770.0 678.1743125 392.00045
7.68724279835 761.3541 30.0021125 769.9993025 236.312925 769.943735 30.62960625 770.0 676.238775 392.00192
7.7037037037 738.132 30.011375 769.9745025 221.62008125 769.2095775 31.1285625 769.998915 661.82478125 392.00834
7.72016460905 655.12997275 30.07531875 768.202155 180.78269375 755.3426575 31.854125 769.75417 591.3547875 392.04254
7.7366255144 632.23562025 34.4416125 757.7519775 218.53453125 743.3840975 57.77880625 760.3528 570.03990625 394.15631
7.75308641975 578.38172275 34.592575 756.05806 192.70873125 733.6866 59.38300625 760.03722 524.96858125 394.2374
7.7695473251 579.32637025 41.34046875 741.8299125 270.80736875 720.53981 94.45440625 746.080245 518.27025 397.46561
7.78600823045 620.25512 42.18173125 738.3873625 312.65388125 721.3868075 101.42500625 744.2533375 552.222675 397.89278
7.8024691358 623.6994525 55.26103125 720.561665 338.74488125 713.4305025 138.87435 720.77107 553.21449375 403.79813
7.81893004115 649.530745 60.5521125 706.2003725 404.39935 703.934815 166.05369375 709.415305 570.09223125 406.33574
7.8353909465 647.2286075 96.42025 658.9190175 428.192275 681.4394325 223.83885625 648.00408025 564.1428625 421.34516
7.85185185185 658.5516675 188.58366875 553.80941 509.85250625 628.651935 340.48785625 522.52894525 563.99994375 457.37924
7.8683127572 604.17059175 322.413225 430.3426875 518.56559375 512.13239 425.5159 401.64870775 492.89498125 505.19213
7.88477366255 489.35248175 474.8536625 291.46571 479.09190625 376.93767 532.78483125 258.34183025 365.97679375 560.35031
7.9012345679 366.35161175 590.140425 198.0562 397.9251875 258.786595 574.5557 178.729715 235.2347375 599.87861
7.91769547325 247.18877425 654.43095 153.412945 295.73828125 169.8709225 576.50236875 151.28712 112.45046875 620.78153
7.9341563786 170.6838975 660.10829375 150.17825 191.27710625 151.5066 547.58679375 150.058435 44.0213125 622.06844
7.95061728395 164.95781 658.58713125 150.1250075 157.317125 151.060355 520.549475 150.04123 40.0621625 620.98742
7.9670781893 159.7283425 656.46504375 150.07781 122.3859625 150.6676625 484.5048625 150.0254975 36.48594375 619.48589
7.98353909465 156.6573275 654.3852875 150.0515375 98.1604625 150.4464 447.40495875 150.0168175 34.411225 617.95454
8.0 154.463225 652.4226125 150.0332475 79.2022375 150.29171 409.528801437 150.010695 32.93840625 616.42886
8.01646090535 153.178275 651.15714375 150.0227075 67.13255 150.202895 378.079201437 150.00713 32.08105625 615.29642
8.0329218107 152.4715525 651.1726625 150.0168175 60.2235375 150.153915 357.901308312 150.005115 31.6102125 614.94623
8.04938271605 152.219135 653.196925 150.0140275 58.06773125 150.13392 355.885284563 150.0039525 31.43853125 615.85973
8.0658436214 152.51565 657.733925 150.01364 62.57109375 150.1437625 381.928435625 150.0033325 31.61955625 618.39365
8.08230452675 154.62334 664.243675 150.0169725 88.44531875 150.230485 444.561704375 150.0030225 32.9342625 622.25777
8.0987654321 173.9083625 670.87391875 150.0278225 200.7688125 150.78492 526.16939125 150.002635 44.8474625 626.29538
8.11522633745 259.5120725 676.07018125 150.0248775 355.066625 150.9479025 601.4154875 150.00186 92.52146875 629.51477
8.1316872428 263.4710825 679.0430375 150.020925 500.31928125 150.9006275 656.09226875 150.0011625 93.3049625 631.38728
8.14814814815 265.20778 679.93573125 150.0141825 626.86835 150.78275 678.03765 150.000465 92.76050625 631.95827
8.1646090535 247.9586825 680.0 150.0002325 665.420825 150.198865 679.99415 150.0 81.147525 632.0
8.18106995885 163.7910475 680.0 150.0 659.74868125 150.0030225 679.99553125 150.0 33.59360625 632.0
8.1975308642 160.6420675 680.0 150.0 657.154775 150.0017825 679.9962625 150.0 32.652 632.0
8.21399176955 157.70939 680.0 150.0 649.5294625 150.0013175 679.99488125 150.0 31.91425 632.0
8.2304526749 156.294705 680.0 150.0 634.9428125 150.001395 679.9900875 150.0 31.60558125 632.0
8.24691358025 155.248145 680.0 150.0 607.570175 150.0017825 679.9741625 150.0 31.41399375 632.0
8.2633744856 154.53685 680.0 150.0 569.68646875 150.00279 679.93524375 150.0 31.3325 631.99997
8.27983539095 154.4219175 679.9998375 150.0 524.903175 150.00589 679.8389625 150.0 31.46445 631.99982
8.2962962963 155.5751175 679.99926875 150.0000775 486.52725625 150.017205 679.6332375 150.0 32.1292375 631.99931
8.31275720165 161.5860175 679.996425 150.0017825 473.55016875 150.1082675 679.22723125 150.0000775 35.393375 631.997
8.329218107 203.39192 679.98155625 150.09672 499.9790875 152.1852675 678.7362375 150.0051925 64.08949375 631.98743
8.34567901235 269.2900925 679.74576875 153.7702975 531.60946875 166.827885 676.63243125 151.046095 120.16840625 631.86737
8.3621399177 295.594445 676.6364125 163.07487 504.031748125 179.1177575 656.9904875 158.434635 144.353525 630.35303
8.37860082305 343.2554725 676.2499875 166.7605375 514.794204375 191.9295925 653.6633 159.54273 186.56615 630.15452
8.3950617284 323.0493625 667.81420625 183.3658425 423.999766875 204.859305 612.8766125 176.6445 178.720975 626.14895
8.41152263374 297.2772025 666.96140625 185.411765 389.661648125 203.48833 606.0321125 178.0141575 157.79706875 625.71623
8.42798353909 290.10791 650.35699375 207.3133425 351.61130625 212.42966 558.27685625 207.4784175 154.05274375 618.24179
8.44444444444 266.8741075 642.68878125 224.6680725 288.0976125 221.2128125 524.52771875 223.6605725 138.2355625 614.62865
8.46090534979 271.3731375 600.30731875 279.4350595 267.7545625 247.9517075 466.30786875 293.6147075 146.5367125 597.287
8.47736625514 266.8958075 483.88874375 402.7865395 188.26403125 319.209749 340.03821875 432.880425 155.3213 553.12991
8.49382716049 352.63212 347.336825 525.6444995 195.1170625 446.4169315 257.9844125 550.6978625 258.2345 504.6143
8.51028806584 471.629495 197.83690625 659.5641895 256.51809375 579.402669 166.41103125 688.3952125 387.6755 450.90659
8.52674897119 592.4692 90.64881875 743.034805 335.5856375 692.135719 129.30115 756.3135 515.88223125 414.42122
8.54320987654 707.41317 51.06723125 768.93887 445.241125 762.38888 142.974875 769.629085 631.8754625 401.9228
8.55967078189 752.676425 50.49458125 769.85399 537.3251625 768.7613175 174.80529375 769.9520275 668.3157625 402.38639
8.57613168724 755.69722 51.87371875 769.880185 558.6935875 768.9842075 197.8483625 769.960475 670.37293125 403.3475
8.59259259259 761.66937 54.271975 769.934435 597.9246625 769.4346375 238.46239375 769.97861 674.4624875 405.04673
8.60905349794 764.006305 56.199225 769.9540425 617.49535 769.6004875 273.419401875 769.9850425 676.0345125 406.48925
8.62551440329 766.016655 58.0668375 769.9707825 635.204925 769.7416925 311.05751375 769.9906225 677.38220625 407.978
8.64197530864 767.0870075 59.00714375 769.97954 645.46168125 769.81555 339.45029375 769.9935675 678.09558125 408.91244
8.65843621399 767.64958 58.4620375 769.9844225 650.93630625 769.8549975 354.965043 769.9952725 678.47095625 408.93416
8.67489711934 767.76614 55.70920625 769.986515 651.5118 769.86701 349.777466125 769.9962025 678.55448125 407.55401
8.69135802469 767.1837275 50.44664375 769.98605 643.42645 769.8435275 312.9863855 769.996745 678.19259375 404.54108
8.70781893004 763.4031225 43.68648125 769.98078 601.19846875 769.6961225 241.380793 769.9969775 675.84268125 400.48946
8.72427983539 719.901985 37.367425 769.971015 460.7044625 768.7481425 159.86878125 769.9975975 648.348575 396.61982
8.74074074074 694.0878975 32.78191875 769.97427 307.82405625 768.7724775 89.24303125 769.9983725 640.03889375 393.76589
8.75720164609 687.6586525 30.515775 769.9786875 163.13275625 768.830525 43.72873125 769.99907 638.741575 392.33138
8.77366255144 688.5223125 30.01389375 769.9872125 53.476375 769.008155 30.4719 769.9997675 640.563525 392.00912
8.79012345679 730.204525 30.0 770.0 43.61286875 769.985895 30.003575 770.0 667.8165625 392.0
8.80658436214 754.7362975 30.0 770.0 49.01696875 769.9971325 30.00349375 770.0 676.06555 392.0
8.82304526749 760.684035 30.0 770.0 54.91620625 769.99845 30.0040625 770.0 677.6920125 392.0
8.83950617284 762.773435 30.0 770.0 63.73638125 769.9986825 30.00593125 770.0 678.19616875 392.0
8.85596707819 764.0511 30.0 770.0 81.9273625 769.998605 30.013 770.0 678.46234375 392.0
8.87242798354 765.0070625 30.0 770.0 112.87069375 769.9980625 30.03436875 770.0 678.62435625 392.00003
8.88888888889 765.5831975 30.00008125 770.0 153.50869375 769.9966675 30.0853125 770.0 678.65961875 392.00009
8.90534979424 765.417115 30.00024375 770.0 198.012325 769.99225 30.20759375 770.0 678.419525 392.0003
8.92181069959 763.50147 30.0011375 769.9997675 230.95229375 769.97272 30.46726875 770.0 677.3855375 392.00108
8.93827160494 753.0818275 30.00585 769.994885 232.62523125 769.76564 30.9286875 769.999845 671.484675 392.00468
8.95473251029 686.97456 30.03014375 769.62335 196.939825 764.095275 31.4119625 769.9726425 620.6086875 392.01902
8.97119341564 648.97445 31.15496875 763.68592 197.20023125 752.18895 39.82645625 766.5920925 587.79969375 392.5763
8.98765432099 602.0445575 31.81504375 758.40228 184.21144375 738.4151075 45.02093125 764.4014775 546.82629375 392.90762
9.00411522634 584.989675 35.71553125 747.13936 235.03526875 724.8417575 67.9663375 755.201375 527.50731875 394.79543
9.02057613169 611.688115 37.17786875 739.95697 284.7351625 715.92081 78.41728125 751.350245 543.490575 395.52116
9.03703703704 627.6871375 48.14271875 722.790255 341.31685 709.142815 120.60520625 730.175075 554.17486875 400.60748
9.05349794239 645.0868175 52.88430625 711.9172375 389.527025 703.8327475 143.99578125 720.3552825 566.23155625 402.87164
9.06995884774 648.4481475 82.886925 671.2718975 426.25844375 685.551815 205.2676575 666.904695 565.42523125 415.77428
9.08641975309 659.761365 147.7096375 591.383425 495.60791875 649.3989175 304.00826375 565.61173 568.1345125 442.088669
9.10288065844 634.7421175 273.58693125 470.93432 518.91724375 558.241945 396.832895 440.1329525 531.05835 487.889879
9.11934156379 533.2264175 426.121375 332.3360325 516.03020375 424.2832725 514.401645 297.2252775 414.00188125 543.294299
9.13580246914 407.8126625 549.744225 229.28684 426.8020225 301.6661825 558.6402875 204.888445 280.8731875 586.010519
9.15226337449 287.9618575 641.2786875 161.781085 340.34414125 197.847415 582.9850625 155.0769475 154.9880125 616.68251
9.16872427984 184.3375375 660.29923125 150.357275 229.4724225 152.889975 559.40200625 150.1189625 54.1863375 622.37615
9.18518518519 165.5895125 659.00849375 150.1301225 162.60203125 151.1044525 527.5017125 150.0428575 40.4858 621.28031
9.20164609053 162.4820725 657.488875 150.103075 140.0935875 150.876215 501.60904375 150.033945 38.3737875 620.20862
9.21810699588 157.4543375 655.109225 150.0582025 105.03104375 150.5025875 460.52628125 150.0189875 34.9463375 618.50051
9.23456790123 155.287515 653.18888125 150.040145 86.47874375 150.3496025 424.93390625 150.01302 33.4909875 617.04038
9.25102880658 153.598015 651.53715 150.026195 71.15661875 150.231725 389.388355625 150.00837 32.36071875 615.67574
9.26748971193 152.6939 650.964825 150.018755 62.39405 150.1693375 364.18084375 150.00589 31.7584125 614.96354
9.28395061728 152.26765 652.1054125 150.01488 58.331225 150.1386475 353.985244375 150.0044175 31.4729 615.31616
9.30041152263 152.3041525 655.62491875 150.013485 59.60628125 150.13516 367.402300625 150.003565 31.4880125 617.18957
9.31687242798 153.32661 661.521475 150.0149575 73.08354375 150.178095 415.54712625 150.0031 32.1263125 620.62607
9.33333333333 160.5489125 668.3403 150.02263 140.7373475 150.434775 493.400738125 150.00279 36.5944125 624.74336
9.34979423868 245.12789425 674.23425625 150.0251875 293.30006625 151.5937875 573.05249375 150.0020925 94.24275 628.3715
9.36625514403 249.90669925 678.14741875 150.0217 441.75844125 151.5553475 637.75715 150.001395 95.31890625 630.81956
9.38271604938 254.28854925 679.75633125 150.0165075 581.08220375 151.479475 673.136 150.0006975 95.8705125 631.84286
9.39917695473 249.51191425 679.99878125 150.0056575 664.9005 151.19319 679.94206875 150.0000775 91.80906875 631.99916
9.41563786008 166.573995 680.0 150.0 662.064225 150.0034875 679.99585625 150.0 34.349475 632.0
9.43209876543 162.90437 680.0 150.0 659.48405 150.00217 679.99650625 150.0 33.25918125 632.0
9.44855967078 158.5072525 680.0 150.0 652.946025 150.001395 679.9956125 150.0 32.105675 632.0
9.46502057613 156.799385 680.0 150.0 642.1219 150.0013175 679.99276875 150.0 31.710475 632.0
9.48148148148 155.629135 680.0 150.0 619.9346375 150.00155 679.98245 150.0 31.47866875 632.0
9.49794238683 154.770745 680.0 150.0 585.9077875 150.0022475 679.95474375 150.0 31.34834375 631.99997
9.51440329218 154.365575 679.99991875 150.0 542.85853125 150.004185 679.88714375 150.0 31.3736125 631.99988
9.53086419753 154.87785 679.99959375 150.0000775 500.077725 150.01054 679.73471875 150.0 31.75410625 631.99958
9.54732510288 157.997225 679.99813125 150.0005425 474.59585625 150.046655 679.4125625 150.0 33.41063125 631.99832
9.56378600823 177.0647825 679.99025 150.0169725 485.270725 150.57846 678.91750625 150.00062 44.93561875 631.99271
9.58024691358 259.4839555 679.94288125 151.2966525 525.9540625 162.65327 678.3160125 150.1471725 114.0269625 631.96682
9.59670781893 283.946908 676.347975 160.7510325 493.289775 174.3611175 656.02775625 158.18927 136.46228125 630.21941
9.61316872428 339.809373 676.1703625 162.842525 520.138025 185.2117375 654.23505625 158.6177675 183.6088125 630.12509
9.62962962963 342.751428 669.148575 177.366335 443.94803125 198.624275 618.11805 173.02618 192.99765625 626.76827
9.64609053498 303.4750325 668.427075 180.74735 404.18395625 199.111905 611.9034 174.6072575 161.0726625 626.39987
9.66255144033 298.39731 655.20469375 198.588315 373.128825 206.80471 571.9245 198.247625 158.77288125 620.402
9.67901234568 271.6361725 650.74991875 210.853155 310.935061875 214.29648 547.87035625 207.6996025 140.3713 618.25226
9.69547325103 273.6635725 617.31855 254.941045 288.294586875 235.13871 492.8377 265.2201955 145.78125 604.20998
9.71193415638 260.27692 534.40073125 353.09061 204.921524375 282.8880875 380.1004 384.2149355 143.6304 571.3769
9.72839506173 304.8779375 402.98324375 475.864095 193.046268125 393.02326 295.06146875 505.5951255 203.664646188 524.30366
9.74485596708 416.78507 249.62565625 616.4146075 220.33373125 528.87208 181.53653125 650.6844255 328.640877437 468.66842
9.76131687243 540.9750225 132.290825 712.73649 304.6641625 648.6635975 139.8007625 733.7382925 460.570239937 428.37794
9.77777777778 660.675865 58.48356875 764.8894175 402.559525 743.0379825 130.8044375 768.003755 584.680914938 404.11385
9.79423868313 747.1220775 49.75991875 769.79788 509.88760625 768.30151 158.58080625 769.93366 664.4157625 401.81057
9.81069958848 755.0906275 51.319025 769.8757675 552.0837375 768.9459225 187.6365375 769.95908 669.97805625 402.94421
9.82716049383 759.635305 53.26991875 769.9163775 583.27114375 769.28483 220.93059375 769.972565 673.0796125 404.32682
9.84362139918 763.1672125 55.4418125 769.94699 610.29554375 769.541355 259.398 769.9827175 675.471125 405.91295
9.86008230453 765.3500775 57.3970125 769.9652025 629.1233625 769.69527 296.73699 769.9887625 676.93655 407.42519
9.87654320988 766.72671 58.7655875 769.9765175 641.95493125 769.7906725 329.30355 769.9924825 677.85573125 408.61544
9.89300411523 767.48094 58.9059875 769.982795 649.318375 769.84283 350.84901875 769.9946525 678.3581 409.06094
9.90946502058 767.775905 57.10670625 769.985895 651.94965625 769.865305 355.0028925 769.9958925 678.55756875 408.29408
9.92592592593 767.5516975 52.8138625 769.986515 648.3480875 769.859105 332.2076525 769.99659 678.42253125 405.9185
9.94238683128 765.7926025 46.426475 769.983725 626.29854375 769.7858675 272.91236125 769.9969775 677.3244375 402.14516
9.95884773663 750.8425425 39.72489375 769.9734175 525.21753125 769.3272225 191.7778175 769.9972875 668.1002875 398.07308
9.97530864198 653.9452225 34.3463875 769.9758975 370.8184 768.940575 115.28008125 769.9980625 606.5394375 394.74539
9.99176954733 651.5878275 31.14278125 769.979695 228.10919375 768.985525 57.92538125 769.99876 606.16975 392.73083
10.0082304527 649.251373765 30.1346907407 769.986030226 97.1825210905 769.093894239 32.8338745885 769.999459733 603.964524331 392.55441679
10.024691358 662.925923457 30.123537037 769.999387654 47.3890617284 769.583451852 30.1326851852 770.0 608.096716049 393.481511111
10.0411522634 757.267333004 30.2057613169 770.0 52.6830983539 769.997191502 30.2114113683 770.0 663.522096296 394.469135802
10.0576131687 758.795756749 30.2880658436 770.0 51.7139583333 769.998118313 30.2916167695 770.0 658.754530144 395.456790123
10.0740740741 762.412480185 30.3703703704 770.0 58.8401416667 769.998731296 30.3750648148 770.0 654.414528241 396.444444444
10.0905349794 763.877551029 30.4526748971 770.0 71.6099820988 769.99874214 30.461362963 770.0 649.473099794 397.432098765
10.1069958848 764.949216564 30.5349794239 770.0 96.1019573045 769.998386214 30.5572044753 770.0 644.409510802 398.419753086
10.1234567901 765.69717321 30.6172839506 770.0 130.267451852 769.997527654 30.6728589506 770.0 639.242589198 399.407435556
10.1399176955 765.913959527 30.6996640432 770.0 170.909895473 769.995026605 30.8371938786 770.0 633.890182202 400.395201235
10.1563786008 765.056472099 30.782417284 769.99992856 206.361262551 769.986069136 31.0945135802 770.0 628.099451852 401.383269136
10.1728395062 760.45667679 30.8669439815 769.998796358 219.811315278 769.920913642 31.5270570988 770.0 620.349368056 402.372727407
10.1893004115 729.068984156 30.9607726337 769.943798148 197.612340021 768.588638889 32.0531337449 769.99726358 594.270948045 403.367992593
10.2057613169 662.653195599 31.1729848765 767.229359053 163.13140144 754.944399671 33.3630662551 769.399080309 532.275208539 404.422651852
10.2222222222 642.756566444 34.9513111111 757.965731111 193.978866667 744.206966667 55.5046722222 761.249595556 508.261016667 407.20048
10.2386831276 598.691480644 35.1880327675 756.042528107 175.641968056 734.83181463 57.2097666152 760.876748477 465.085884722 408.271082469
10.2551440329 611.900729329 42.2294733539 742.368391111 250.856405041 723.795188889 91.5655593621 746.830995473 463.231369136 412.569906173
10.2716049383 642.220152778 42.8987345679 740.747194444 281.302935957 726.258760802 96.8270478395 745.834705864 483.220982253 413.859455556
10.2880658436 647.188088395 55.5865345679 724.164935967 303.999912757 719.439188807 131.781679835 723.489156379 480.43194856 420.518441481
10.304526749 670.024870514 61.0606018004 710.624062613 358.177400669 711.754555432 157.47845144 711.923534774 490.613523765 424.070731111
10.3209876543 667.591798519 94.1930932099 667.628102963 372.384414506 691.135751235 204.381374074 656.608572 479.735914815 438.662402963
10.3374485597 674.800592099 184.090745988 570.467683539 437.086731842 637.998586817 305.745396656 544.968432996 471.03061857 473.995994321
10.353909465 613.563985597 294.67348251 470.854337449 432.467597737 536.507426564 371.555910494 449.303826337 390.034768519 514.219382716
10.3703703704 519.020779444 415.000358333 362.907127407 383.539696296 429.65680452 447.371122685 338.192179926 281.525085185 558.46026
10.3868312757 423.595925638 500.156877675 296.724107325 316.488806481 340.542444658 474.937510288 284.304375761 175.01438323 588.359156049
10.4032921811 333.861750123 533.328178498 276.260808951 227.537689352 283.419572613 463.222935391 275.463644588 78.7886633745 599.663402716
10.4197530864 294.473042963 529.648888889 280.245007407 148.857511111 281.153177284 434.346049383 280.163320494 41.7868790123 598.726020741
10.4362139918 296.671237654 523.4405643 285.32238323 128.972987912 286.039666461 411.541305556 285.258029527 39.8857800926 597.049418519
10.4526748971 297.07446856 516.541408745 290.38264144 98.0459477366 290.788382963 377.030622119 290.346666132 36.7506414609 594.874995556
10.4691358025 300.191955494 509.9720125 295.468818457 81.6496816358 295.750059259 346.38754608 295.444022284 35.496479784 592.875716296
10.4855967078 303.659621235 503.470184156 300.558100576 67.355059465 300.738081728 314.352826273 300.542373498 34.482531893 590.863081481
10.5020576132 307.880671173 497.647631893 305.653822531 58.9820429527 305.780245123 289.366346138 305.642851975 33.9772324074 589.259381975
10.5185185185 312.508314815 492.891115741 310.752624074 54.3744537037 310.850101852 273.927674676 310.744357407 33.7429722222 588.310888889
10.5349794239 317.472850638 489.699181687 315.853669609 53.3982312243 315.941094712 273.333873537 315.846459877 33.7297668724 588.361758272
10.5514403292 322.903477202 488.293411523 320.95654963 58.1537662551 321.05635177 294.754616337 320.94891572 34.0144246914 589.575824198
10.5679012346 330.213140062 487.996667747 326.062590247 83.796641358 326.246774259 341.248748688 326.051546975 35.4698375 591.55918
10.5843621399 358.965719794 487.399967695 331.17299893 177.429061728 331.920246914 395.683192901 331.154018765 50.3080334362 593.428027654
10.6008230453 393.796116152 485.547997942 336.273361317 283.243813529 337.009480556 442.076422582 336.256336831 61.4673009259 594.562976543
10.6172839506 403.049195802 482.028291358 341.373080741 381.186585185 342.066355556 470.961904938 341.358721235 62.2656820988 594.680017778
10.633744856 407.424328498 477.184883848 346.470382037 456.311895267 347.055289527 476.657261728 346.461117119 61.0740842593 593.964364938
10.6502057613 390.469148313 471.934156379 351.563786008 463.135105041 351.584812428 471.931633951 351.563786008 46.8967610082 592.987654321
10.6666666667 367.349473333 466.666666667 356.666666667 454.207033333 356.668836667 466.664283333 356.666666667 36.1183666667 592.0
10.683127572 368.119214815 461.399176955 361.769547325 445.420197531 361.77061893 461.396555556 361.769547325 34.990563786 591.012345679
10.6995884774 371.668638272 456.131687243 366.872427984 434.941412397 366.87328463 456.127989198 366.872427984 34.692833642 590.024691358
10.7160493827 375.864407901 450.864197531 371.975308642 419.044366358 371.976204198 450.856582099 371.975308642 34.5809459877 589.037037037
10.7325102881 380.29302644 445.596707819 377.0781893 395.278796142 377.079368066 445.576831996 377.0781893 34.5416704218 588.049382716
10.7489711934 384.96425251 440.329167284 382.181069959 365.791377572 382.183009053 440.280427984 382.181069959 34.5802343621 587.061690864
10.7654320988 390.073615741 435.061577932 387.283950617 333.896099537 387.288304012 434.943564815 387.283950617 34.7765817901 586.073925926
10.7818930041 396.133650741 429.793644856 392.386925679 308.701449486 392.401038971 429.530529938 392.386831276 35.3908658436 585.085853333
10.7983539095 406.384279774 424.523771142 397.491853868 301.753828138 397.597693354 423.999087397 397.489758498 38.3501887346 584.096332099
10.8148148148 445.832127407 419.244188889 402.736386667 317.745196296 405.154662222 418.453548148 402.601915556 63.9408518519 583.101333333
10.8312757202 477.190870761 413.575802315 410.814281193 320.980765175 417.595580309 410.017219496 409.089213477 86.5363912037 581.913577284
10.8477366255 503.668577366 407.650208333 419.631040947 317.194101852 430.162684979 399.944511831 416.189670988 105.636047325 580.599723457
10.8641975309 522.435176852 401.273813272 429.456807963 296.787478858 442.797522099 387.327862654 424.294511914 119.635331327 579.067897778
10.8806584362 511.071020165 394.227306996 440.564666091 255.023540514 453.741270947 371.341802058 433.833119424 110.450438066 577.216818765
10.8971193416 504.879283642 386.042254835 451.711075206 223.178826127 461.197281235 352.118597016 445.174251914 102.484262037 574.844593827
10.9135802469 501.463594568 375.463085494 466.494844444 192.77312213 470.499952593 326.970902778 461.225341975 96.9779561728 571.400293333
10.9300411523 500.848116358 358.081171296 490.129104115 163.938461445 483.792468107 291.358641204 489.705539506 94.2473950617 565.074650617
10.9465020576 503.072517531 320.654360494 533.815209877 135.956737449 506.404616955 240.637659259 544.392869136 94.9839045267 551.08333037
10.962962963 515.968749074 249.072461111 602.525508148 113.10489537 556.292814259 179.86826713 618.042012778 109.420954167 525.689962222
10.9794238683 572.32289321 170.893200823 671.369010741 118.715522119 626.411848848 126.121808025 687.185488848 168.242605144 498.531135309
10.9958847737 637.430978086 102.235042901 728.632507346 159.172891615 691.214714486 96.2868494342 741.300222963 232.222999177 475.459795062
11.012345679 698.756412346 55.3420092593 763.343037037 198.950521605 744.229814815 82.526654321 767.07478642 291.313515432 460.663451852
11.0288065844 751.412204177 44.7229712449 769.795234794 250.133146553 768.365867531 92.6293020062 769.931431317 337.54001677 458.382722963
11.0452674897 762.31750856 45.1742504115 769.935701152 280.809334774 769.454199712 106.893959877 769.978838354 340.342754527 459.784246914
11.0617283951 763.859965864 45.7679103395 769.949062407 286.846885802 769.567230432 117.329375463 769.983202593 336.122966512 461.165035556
11.0781893004 766.4412 46.7713390947 769.972138272 299.396364198 769.759603292 134.898397942 769.990927078 332.61675679 462.845592099
11.0946502058 767.506665535 47.5208906893 769.980985391 303.286247685 769.834727263 149.211717876 769.993860597 328.064675669 464.381040741
11.1111111111 768.347941111 48.1519055556 769.98791 305.646336111 769.89336 163.354236667 769.996176667 323.359955556 465.873586667
11.1275720165 768.796147531 48.3060324074 769.99158216 304.764060031 769.924104218 172.544924588 769.997396893 318.390736265 467.07153358
11.1440329218 769.019764691 47.7462880658 769.993565267 301.702066461 769.939831934 175.197471152 769.998109383 313.272411523 467.822636049
11.1604938272 769.045349259 46.2258932099 769.99437216 296.402599691 769.943656543 168.142845293 769.998471049 308.025016975 467.954712593
11.1769547325 768.712001029 43.7569290123 769.994036008 286.660725309 769.930090535 147.344386317 769.998692387 302.549981996 467.457197531
11.1934156379 766.396375658 40.9314184156 769.99137358 258.209333179 769.845349547 114.485493848 769.998812305 295.848300051 466.691405926
11.2098765432 738.366188543 38.5257061728 769.989437037 194.368293827 769.38496 81.1866024691 769.999112099 271.992 466.149155556
11.2263374486 735.820395891 36.9558457819 769.990976193 132.918770319 769.411653807 54.4960717078 769.999430391 266.341463683 466.104743704
11.2427983539 734.708140193 36.3337148148 769.993016708 77.4340333333 769.450344486 39.5268317901 769.999706584 261.244713992 466.645010864
11.2592592593 736.670433241 36.2974398148 769.9969 42.0668819444 769.552451852 36.341525463 769.999971296 257.604023148 467.556311111
11.2757201646 762.558930947 36.378600823 770.0 42.1588020576 769.998316049 36.3799248971 770.0 269.776050823 468.543209877
11.29218107 765.246483601 36.4609053498 770.0 43.5548281379 769.99917716 36.462141821 770.0 265.297245833 469.530864198
11.3086419753 766.977323951 36.5432098765 770.0 45.6460466049 769.999517778 36.5446984568 770.0 260.486458025 470.518518519
11.3251028807 767.660836955 36.6255144033 770.0 48.9181559156 769.999555412 36.6278174897 770.0 255.380284671 471.50617284
11.341563786 768.113898765 36.70781893 770.0 55.5677962963 769.999489712 36.7130884774 770.0 250.206899177 472.49382716
11.3580246914 768.447032037 36.7901234568 770.0 65.7937574074 769.999303457 36.803450463 770.0 244.996949846 473.481491111
11.3744855967 768.632405021 36.8724533951 770.0 78.3793803498 769.998788066 36.9047006173 770.0 239.739448868 474.469163951
11.3909465021 768.549139403 36.9548314815 770.0 90.6068432613 769.9971207 37.0293320473 770.0 234.382518621 475.456899753
11.4074074074 767.798265185 37.0374944444 769.999885185 97.5777240741 769.988495556 37.1990074074 770.0 228.708748148 476.444871111
11.4238683128 763.362545988 37.1217055041 769.996740535 94.0753240741 769.877390535 37.417244856 769.999888374 220.813186728 477.43391358
11.4403292181 741.398224424 37.2142421811 769.750011152 81.4141739712 767.111367695 37.6401219136 769.975970535 197.467321914 478.427283457
11.4567901235 734.832470031 38.020246142 767.521877222 86.8251486728 764.068747037 42.4680537037 768.243050123 186.183141975 479.768614815
11.4732510288 721.001905185 38.1444790123 766.83792856 78.5506574486 760.965349794 42.9909218107 768.110076708 169.019555556 480.778793086
11.4897119342 720.898901307 40.0176846708 763.185738827 96.073529393 757.762535041 52.1876005658 764.442533045 161.99612428 482.621705679
11.5061728395 731.19752963 40.1801959877 762.543887654 103.660175 757.558456173 53.2256358025 764.258321605 164.813503086 483.652896296
11.5226337449 734.356037346 43.3755090021 758.469585082 110.820130247 756.191212016 63.120670679 758.725004671 161.704444702 486.059557284
11.5390946502 741.702842798 44.1483281893 756.486115144 121.690356914 755.454963292 67.2822133745 757.263582387 161.91895535 487.384971852
11.5555555556 742.360124444 50.9838458333 747.771725556 123.716220556 751.666944444 78.1091222222 745.662933333 156.494175 491.210046667
11.5720164609 746.560723951 66.4698488889 729.103327819 138.557577819 743.077908395 99.8869421811 722.610268107 153.013709156 498.351893635
11.5884773663 739.967649691 91.8696468621 705.67951286 137.750916667 722.968263889 115.085048868 699.391201132 138.315794753 508.373499815
11.6049382716 719.81990963 120.202438765 680.271594568 130.985316049 697.955035556 135.512285185 673.332462716 110.226209877 519.572580563
11.621399177 698.194664918 139.409807778 665.296566173 110.587272119 678.01380142 139.349257202 661.055917984 82.131269856 527.008124521
11.6378600823 679.610273992 150.056758642 659.075239959 90.6536317901 664.085624527 137.951367284 658.280134609 57.6618104938 531.326505679
11.6543209877 667.358624938 147.212634105 662.88123179 69.4330523148 663.186719568 128.930045988 662.853222716 41.3790723765 531.059605185
11.670781893 670.399883128 141.854011317 667.962823868 59.5089485597 668.115923045 119.630364198 667.949097119 40.0052170782 529.96102716
11.6872427984 674.779060494 136.485049383 673.059374403 54.2887985082 673.165661029 110.918351286 673.049897078 39.5958052984 528.867074074
11.7037037037 679.185591852 131.070718519 678.156208148 49.0656712963 678.217875185 101.286647222 678.150777407 39.2063148148 527.735133333
11.7201646091 683.929666008 125.740372737 683.256136152 45.9667394033 683.295639465 92.7616102212 683.252677037 39.0482229938 526.652535062
11.7366255144 688.798217284 120.503725926 688.357114074 43.8208666667 688.382393745 85.23592 688.354930041 38.974327572 525.625963457
11.7530864198 693.77432963 115.436793981 693.458971605 42.6169729938 693.476653086 79.5954007716 693.457459877 38.9724891975 524.70802963
11.7695473251 698.817150658 110.58974928 698.56132284 42.0853986626 698.575307284 76.2401084774 698.560144074 39.0148133745 523.93349284
11.7860082305 703.918514486 105.98017392 703.66399428 42.2325045782 703.67737786 75.7524088117 703.662916296 39.0950943416 523.317880247
11.8024691358 709.147244938 101.521585802 708.76699358 43.9175907407 708.785218519 78.5085909877 708.765730617 39.2555901235 522.810219259
11.8189300412 715.278888025 97.006457716 713.87060714 51.7206674897 713.920809918 82.575893714 713.868558333 39.9715623971 522.280385432
11.8353909465 728.465319753 92.2810720165 718.973145267 63.3532031893 719.076044856 85.0944125514 718.971352881 45.5581692387 521.628079012
11.8518518519 732.765452222 87.3074518519 724.075555185 71.5308324074 724.165265741 85.0193736111 724.074165926 45.0233208333 520.825037778
11.8683127572 737.15323177 82.1312403292 729.177883457 76.8592320988 729.251854815 81.8858934156 729.176990453 44.4809880658 519.895620741
11.8847736626 740.711228704 76.8724186214 734.279920226 75.7872342593 734.321811049 76.8715573045 734.279835391 43.5245932613 518.913573333
11.9012345679 740.044034074 71.6049382716 739.382716049 70.4243296296 739.382857654 71.604629321 739.382716049 39.6782824074 517.925925926
11.9176954733 744.995132099 66.3374485597 744.485596708 65.4570095165 744.485682819 66.3373014403 744.485596708 39.7169861111 516.938271605
11.9341563786 749.853934321 61.0699588477 749.588477366 60.1249203704 749.588520741 61.0698037037 749.588477366 39.7365549383 515.950617284
11.950617284 754.852714938 55.8024691358 754.691358025 54.7832912037 754.691390556 55.8022604938 754.691358025 39.7939421296 514.962962963
11.9670781893 759.883610535 50.5349794239 759.794238683 49.4461893004 759.794265473 50.5346263374 759.794238683 39.8591587449 513.975308642
11.9835390947 764.935332901 45.2674897119 764.897119342 44.4263984053 764.897139753 45.2670423354 764.897119342 39.9287026749 512.987654074
12.0 770.0 40.0 770.0 40.0 770.0 40.0 770.0 40.0 512.0
