 0 0
 0 0
 0.01293905505162285 1
 0.2893471637322872 4
 0.3778135346988031 25
 0.3845507168651333 2
 0.4063551426527221 8
 0.5623436345933603 30
 0.5964982050973835 21
 0.625438351946733 6
 0.6780364758134046 11
 0.7336919961296338 13
 0.7583446442134805 14
 0.8329244667808793 23
 0.8516011166263203 16
 0.8609815589232422 19
 1.084008393705832 37
 1.126175637649363 20
 1.138603361981772 5
 1.223869008696642 27
 1.247145725478695 17
 1.367462773205664 18
 1.405798766416088 3
 1.459664202846349 15
 1.467106309637696 28
 1.614834158111926 26
 1.649548969686562 7
 1.759653759354862 51
 1.788189177142681 9
 1.799404391619269 22
 1.821222141656345 42
 1.890800713308945 29
 2.097139523231635 10
 2.123261852588064 12
 2.127699111639286 32
 2.159472774621689 24
 2.192685494701425 31
 2.209739488567517 44
 2.218514674899756 35
 2.23717384389623 43
 2.316599991409888 53
 2.635760497588899 33
 2.814514613284749 54
 2.823213861302689 58
 3.104844725566437 41
 3.172347709607802 57
 3.28113313113474 59
 3.284954811390653 55
 3.295009268635585 50
 3.299709947812393 36
 3.321131252037401 67
 3.382704298312637 52
 3.483133377639138 39
 3.583207251176688 56
 3.708515935152091 40
 3.861365570138196 206
 3.868571197373167 60
 4.132405491331434 46
 4.29454556674457 63
 4.383736374278884 83
 4.383748077946074 34
 4.462499169121995 45
 4.466833634632295 47
 4.477360278883923 38
 4.509801944990134 78
 4.603452790096163 49
 4.834836621556331 79
 4.838516100056911 48
 4.868878590135639 62
 4.923009740244955 64
 4.925611953997644 134
 4.933160118459319 75
 4.939754409881956 183
 5.043370712415673 92
 5.142233552792227 225
 5.155061258109877 208
 5.159016881830857 80
 5.166143738904026 65
 5.169353643773555 129
 5.291148025602238 209
 5.330617511097662 66
 5.339554151520057 89
 5.381010088427448 84
 5.402424757988727 220
 5.428030599371658 68
 5.447327089232213 112
 5.570803624803788 77
 5.582643355779969 135
 5.64947139906608 61
 5.715439448058987 111
 5.747629722890909 90
 5.755431185051105 102
 5.757674688055279 87
 5.800105075526067 72
 5.801821705479512 223
 5.817922689542483 125
 5.863336446436744 88
 5.869223425185344 246
 5.877165116963194 85
 5.894127175623013 69
 5.912194834416599 118
 5.914732617055257 86
 5.916098926784895 73
 5.926818252527898 216
 5.934550947384411 91
 5.948454582241862 177
 5.954254949186107 71
 5.956458476906232 119
 5.969298130760652 205
 5.999785018746613 95
 6.001391723374161 107
 6.008084564831564 114
 6.038530332154048 104
 6.05559766897214 108
 6.069404638224124 182
 6.097791203110988 82
 6.10747576968801 191
 6.110660361202989 238
 6.121407556667421 256
 6.147718145027258 74
 6.181350988641118 100
 6.181613241349084 184
 6.184829320701086 98
 6.20710624354347 210
 6.21918638834724 247
 6.229676100325325 93
 6.265056326487513 252
 6.278159629726132 106
 6.297714673114675 127
 6.316531456813687 211
 6.323216178246136 120
 6.345733541952058 97
 6.346094400221936 204
 6.363967757696596 122
 6.374977324657686 96
 6.375211167787041 190
 6.393243911134117 227
 6.396233370959308 110
 6.403784158673745 231
 6.403844776784839 203
 6.406464584325199 70
 6.408942002093057 109
 6.41015656594672 219
 6.425604578731158 76
 6.43488150998871 212
 6.438800537934612 255
 6.439472212743866 115
 6.445184947880036 161
 6.453370030381538 128
 6.478516640410406 174
 6.482688776412458 169
 6.497528141192495 140
 6.497888853618101 193
 6.507454135935465 224
 6.510610293207669 215
 6.513881179479605 207
 6.514983041687682 170
 6.522175677068957 150
 6.529936007628821 251
 6.534324390603956 103
 6.546382279465178 117
 6.547509587859428 168
 6.54963464539108 133
 6.556945939139885 153
 6.562474439026431 259
 6.569224922297361 113
 6.594544938239678 99
 6.602721397724707 181
 6.603708145552282 130
 6.605585577317483 234
 6.60608113186511 105
 6.610383605373071 192
 6.61262870162698 121
 6.614677421909668 126
 6.627554800641504 94
 6.62877927537563 254
 6.628820380275683 178
 6.630415742130926 186
 6.631773711032044 167
 6.634533195126018 195
 6.640024254065814 159
 6.645460597465141 188
 6.648729190677685 199
 6.650732407216847 144
 6.666937693181688 226
 6.667739707132784 147
 6.668315689982744 270
 6.687242311926735 180
 6.69023700198188 258
 6.691142517385572 81
 6.702845704493189 230
 6.703884480014011 265
 6.708431152525369 228
 6.715006289058776 124
 6.734817190006326 202
 6.735657506480387 160
 6.740269896835508 232
 6.75406518617024 173
 6.755862801751297 213
 6.756132831309094 154
 6.765199796328321 264
 6.766162655905307 248
 6.775864971389718 142
 6.776544644911196 101
 6.779287085156988 116
 6.817371367136623 201
 6.831954451916978 260
 6.843599067637115 257
 6.847061441500696 163
 6.850385012283575 175
 6.861999594851358 249
 6.862531640729751 156
 6.866710131328012 189
 6.871373653172542 236
 6.881031366607441 179
 6.89474872966817 171
 6.901881585954509 149
 6.911213034637642 131
 6.926988422150558 185
 6.927070561380374 162
 6.929554632230304 123
 6.936365911066624 145
 6.941194662822927 165
 6.941869838757104 176
 6.943210447311826 172
 6.945984253321573 155
 6.950715328951083 166
 6.967120970659381 132
 6.982524843627106 164
 6.98280197182323 152
 6.983662433834068 218
 6.987309791650345 292
 6.993185043910787 157
 6.997329830266847 196
 7.005279298152704 187
 7.010996954925885 138
 7.02535056271193 143
 7.029146866950107 235
 7.032288168011418 289
 7.045464706870796 274
 7.045807920527452 288
 7.059772517788153 284
 7.062715045357812 299
 7.067524478121081 148
 7.07422022708097 139
 7.079817740241216 242
 7.081983289110324 146
 7.086503966142103 262
 7.097376762299401 261
 7.118423257617634 198
 7.119397502015052 277
 7.120428750372712 229
 7.130471961329254 271
 7.146559980482698 279
 7.149282802734104 237
 7.14966286653762 214
 7.151368979258951 217
 7.156955622287946 136
 7.164641266832427 263
 7.164965852163284 240
 7.165219705295682 233
 7.172448712862889 267
 7.179838353926344 250
 7.183793324783198 278
 7.193973653733022 197
 7.205784860339266 272
 7.206712391832163 253
 7.209275238062013 283
 7.210642798446687 287
 7.211591962422009 194
 7.212319210229163 243
 7.2166927905756 239
 7.220187447486361 241
 7.221345198151226 137
 7.22900641371301 290
 7.229339567653223 141
 7.237180465865398 282
 7.238839491416001 200
 7.254914259280493 275
 7.255672465310876 273
 7.258172838218396 294
 7.267845772219101 221
 7.273265116400058 296
 7.291651529597498 286
 7.300609910983373 293
 7.305356872430909 151
 7.307606612204957 266
 7.309721397826858 245
 7.315363469270108 281
 7.31878568432884 158
 7.327142986330599 280
 7.342188869290843 285
 7.343035429981149 298
 7.367008860722047 269
 7.376176694314044 222
 7.379519652565923 295
 7.383613300937358 291
 7.384070214604717 276
 7.458059262549233 244
 7.504701510769434 297
 7.580799900204549 268